gradient_clip_val=0.07626158723303197
learning_rate=0.03934240056017708
hidden_size=88
attention_head_size=1
dropout=0.2358636059542314
hidden_continuous_size=51
max_epochs=500
