gradient_clip_val=0.043548968428670815
learning_rate=0.013911670660804402
hidden_size=14
attention_head_size=4
dropout=0.2531977987779178
hidden_continuous_size=8
max_epochs=500
