gradient_clip_val=0.18165091507276093
learning_rate=0.0012823393202077182
hidden_size=61
attention_head_size=2
dropout=0.1992859491088888
hidden_continuous_size=28
max_epochs=500
