gradient_clip_val=0.021771234396139625
learning_rate=0.02033475311182271
hidden_size=15
attention_head_size=1
dropout=0.2563662638177248
hidden_continuous_size=9
max_epochs=500
