gradient_clip_val=0.012430182798393183
learning_rate=0.006704133480469772
hidden_size=17
attention_head_size=4
dropout=0.10440612867308288
hidden_continuous_size=10
max_epochs=500
