gradient_clip_val=0.05533176308620954
learning_rate=0.056594117698868185
hidden_size=57
attention_head_size=2
dropout=0.15588066288293587
hidden_continuous_size=15
max_epochs=500
