gradient_clip_val=0.15015124404813762
learning_rate=0.0037798072937050616
hidden_size=30
attention_head_size=3
dropout=0.19954207092510684
hidden_continuous_size=30
max_epochs=500
