gradient_clip_val=0.3222870707611114
learning_rate=0.03615030811549862
hidden_size=57
attention_head_size=3
dropout=0.2132813821879515
hidden_continuous_size=28
max_epochs=500
