gradient_clip_val=0.019137471170900512
learning_rate=0.08414563143883291
hidden_size=18
attention_head_size=1
dropout=0.15106907120461016
hidden_continuous_size=15
max_epochs=500
