gradient_clip_val=0.10873707934417307
learning_rate=0.0020088330043135406
hidden_size=35
attention_head_size=3
dropout=0.17727149988457053
hidden_continuous_size=35
max_epochs=500
