gradient_clip_val=0.08223715241398369
learning_rate=0.0035728248515043185
hidden_size=14
attention_head_size=1
dropout=0.25506291362160977
hidden_continuous_size=9
max_epochs=500
