gradient_clip_val=0.0770680425466761
learning_rate=0.017060954160437247
hidden_size=19
attention_head_size=4
dropout=0.1095913057218354
hidden_continuous_size=9
max_epochs=500
