gradient_clip_val=0.09785974402925962
learning_rate=0.0020796693354754136
hidden_size=15
attention_head_size=1
dropout=0.15134652317103198
hidden_continuous_size=8
max_epochs=500
