gradient_clip_val=0.31735651111352237
learning_rate=0.001269817212151033
hidden_size=24
attention_head_size=4
dropout=0.2097361207729384
hidden_continuous_size=13
max_epochs=500
