gradient_clip_val=0.20931001382025577
learning_rate=0.006040470888955332
hidden_size=9
attention_head_size=4
dropout=0.16239922536755763
hidden_continuous_size=9
max_epochs=500
