gradient_clip_val=0.2653314470024945
learning_rate=0.0029593328950448376
hidden_size=63
attention_head_size=1
dropout=0.24940699210495254
hidden_continuous_size=43
max_epochs=500
