gradient_clip_val=0.5960558213220329
learning_rate=0.004771358866816669
hidden_size=84
attention_head_size=1
dropout=0.2429118894949486
hidden_continuous_size=19
max_epochs=500
