gradient_clip_val=0.3103564341525206
learning_rate=0.0010157633503564828
hidden_size=50
attention_head_size=1
dropout=0.2890859085076589
hidden_continuous_size=20
max_epochs=500
