gradient_clip_val=0.05993624540085676
learning_rate=0.037332892042475044
hidden_size=11
attention_head_size=3
dropout=0.157461229736867
hidden_continuous_size=9
max_epochs=500
