gradient_clip_val=0.34912714795017485
learning_rate=0.0358722286847005
hidden_size=26
attention_head_size=2
dropout=0.11973224193339138
hidden_continuous_size=20
max_epochs=500
