gradient_clip_val=0.1810251420131975
learning_rate=0.03422249707211104
hidden_size=18
attention_head_size=1
dropout=0.20945112475207692
hidden_continuous_size=9
max_epochs=500
