gradient_clip_val=0.047552458336565635
learning_rate=0.007769776515847358
hidden_size=85
attention_head_size=2
dropout=0.10736857556943434
hidden_continuous_size=20
max_epochs=500
