gradient_clip_val=0.010101078666359476
learning_rate=0.001760313007882156
hidden_size=19
attention_head_size=2
dropout=0.23571717147631266
hidden_continuous_size=9
max_epochs=500
