gradient_clip_val=0.0402190894521941
learning_rate=0.011663497955018724
hidden_size=18
attention_head_size=4
dropout=0.1297475520267817
hidden_continuous_size=16
max_epochs=500
