gradient_clip_val=0.043264687855051866
learning_rate=0.0014886986409834747
hidden_size=80
attention_head_size=3
dropout=0.24487805722526398
hidden_continuous_size=46
max_epochs=500
