gradient_clip_val=0.6413344990024578
learning_rate=0.002500087179633147
hidden_size=9
attention_head_size=2
dropout=0.2926177858947182
hidden_continuous_size=8
max_epochs=500
