gradient_clip_val=0.019464036438815283
learning_rate=0.055905896645916726
hidden_size=34
attention_head_size=2
dropout=0.26564161283070487
hidden_continuous_size=12
max_epochs=500
