gradient_clip_val=0.11678137822762645
learning_rate=0.006441328740009439
hidden_size=18
attention_head_size=1
dropout=0.24192632623941013
hidden_continuous_size=14
max_epochs=500
