gradient_clip_val=0.4164185069071897
learning_rate=0.00912438275794988
hidden_size=19
attention_head_size=3
dropout=0.12316023448317968
hidden_continuous_size=10
max_epochs=500
