gradient_clip_val=0.16652589842826748
learning_rate=0.015125670648689847
hidden_size=65
attention_head_size=2
dropout=0.1986058364547384
hidden_continuous_size=35
max_epochs=500
