gradient_clip_val=0.28920620626800425
learning_rate=0.015412238828052524
hidden_size=31
attention_head_size=1
dropout=0.14687869623478267
hidden_continuous_size=13
max_epochs=500
