gradient_clip_val=0.014376843818397171
learning_rate=0.056978702028980324
hidden_size=20
attention_head_size=4
dropout=0.24044053339750937
hidden_continuous_size=12
max_epochs=500
