gradient_clip_val=0.016102082222910704
learning_rate=0.0034771466800770532
hidden_size=82
attention_head_size=4
dropout=0.1672369439478794
hidden_continuous_size=79
max_epochs=500
