gradient_clip_val=0.11187007241876953
learning_rate=0.0035145586268879193
hidden_size=16
attention_head_size=2
dropout=0.282504217599582
hidden_continuous_size=9
max_epochs=500
