gradient_clip_val=0.0233704881307703
learning_rate=0.03481342311955711
hidden_size=20
attention_head_size=4
dropout=0.25528817922959857
hidden_continuous_size=17
max_epochs=500
