gradient_clip_val=0.07184337729651587
learning_rate=0.017325184502023208
hidden_size=82
attention_head_size=2
dropout=0.16752478284368222
hidden_continuous_size=60
max_epochs=500
