gradient_clip_val=0.050228633640729735
learning_rate=0.019519129547480783
hidden_size=42
attention_head_size=1
dropout=0.2667942121394335
hidden_continuous_size=11
max_epochs=500
