gradient_clip_val=0.03482232882504404
learning_rate=0.05533266574918773
hidden_size=43
attention_head_size=2
dropout=0.11211754061919761
hidden_continuous_size=15
max_epochs=500
