gradient_clip_val=0.014379179978272595
learning_rate=0.0013080886092405476
hidden_size=9
attention_head_size=3
dropout=0.1489327756954701
hidden_continuous_size=8
max_epochs=500
