gradient_clip_val=0.015748607134564104
learning_rate=0.008008102280962628
hidden_size=67
attention_head_size=3
dropout=0.1070873014873814
hidden_continuous_size=64
max_epochs=500
