gradient_clip_val=0.012665627892091837
learning_rate=0.01374411920597182
hidden_size=12
attention_head_size=1
dropout=0.19298981158935796
hidden_continuous_size=8
max_epochs=500
