gradient_clip_val=0.07775730612129896
learning_rate=0.0025195145173362733
hidden_size=21
attention_head_size=2
dropout=0.2753501872440147
hidden_continuous_size=17
max_epochs=500
