gradient_clip_val=0.012973184954682618
learning_rate=0.05291840649959184
hidden_size=13
attention_head_size=3
dropout=0.2027225205338914
hidden_continuous_size=12
max_epochs=500
