gradient_clip_val=0.24255764194400936
learning_rate=0.00426061438860292
hidden_size=25
attention_head_size=2
dropout=0.14895330312561753
hidden_continuous_size=20
max_epochs=500
