gradient_clip_val=0.32052337210163834
learning_rate=0.0013908170557685015
hidden_size=14
attention_head_size=4
dropout=0.11779784239230495
hidden_continuous_size=12
max_epochs=500
