gradient_clip_val=0.1328919521580425
learning_rate=0.016769034553893565
hidden_size=92
attention_head_size=3
dropout=0.173774991719389
hidden_continuous_size=58
max_epochs=500
