gradient_clip_val=0.016009454439149088
learning_rate=0.004237731615420198
hidden_size=16
attention_head_size=1
dropout=0.25015832690525575
hidden_continuous_size=16
max_epochs=500
