gradient_clip_val=0.014203963598491832
learning_rate=0.05668223199514359
hidden_size=61
attention_head_size=3
dropout=0.11930989030094236
hidden_continuous_size=29
max_epochs=500
