gradient_clip_val=0.06346875625287798
learning_rate=0.00715016521740574
hidden_size=55
attention_head_size=1
dropout=0.13417270210649232
hidden_continuous_size=16
max_epochs=500
