gradient_clip_val=0.8260024155650353
learning_rate=0.06913507003073593
hidden_size=106
attention_head_size=3
dropout=0.2079247690153288
hidden_continuous_size=15
max_epochs=500
