gradient_clip_val=0.8770381719750701
learning_rate=0.018445053171472454
hidden_size=20
attention_head_size=4
dropout=0.17335935655576212
hidden_continuous_size=9
max_epochs=500
