gradient_clip_val=0.06375129287284169
learning_rate=0.005554708346225948
hidden_size=8
attention_head_size=3
dropout=0.16520492756020974
hidden_continuous_size=8
max_epochs=500
