gradient_clip_val=0.10812088568062832
learning_rate=0.018786345927467876
hidden_size=111
attention_head_size=3
dropout=0.1773451336159398
hidden_continuous_size=54
max_epochs=500
