gradient_clip_val=0.2837723998905589
learning_rate=0.0011387559042660802
hidden_size=10
attention_head_size=4
dropout=0.28443870813047556
hidden_continuous_size=10
max_epochs=500
