gradient_clip_val=0.12680006077272188
learning_rate=0.042699449118613085
hidden_size=33
attention_head_size=4
dropout=0.1427823302253543
hidden_continuous_size=25
max_epochs=500
