gradient_clip_val=0.6440602586298219
learning_rate=0.0010943029840162748
hidden_size=18
attention_head_size=2
dropout=0.15296722592271889
hidden_continuous_size=9
max_epochs=500
