gradient_clip_val=0.37217301871675407
learning_rate=0.06834828252637731
hidden_size=9
attention_head_size=4
dropout=0.12806591922959484
hidden_continuous_size=8
max_epochs=500
