gradient_clip_val=0.9310615148370169
learning_rate=0.0055594797119395516
hidden_size=53
attention_head_size=2
dropout=0.27370180566529667
hidden_continuous_size=52
max_epochs=500
