gradient_clip_val=0.0680448226161009
learning_rate=0.014993042981772679
hidden_size=59
attention_head_size=3
dropout=0.18207449057769912
hidden_continuous_size=28
max_epochs=500
