gradient_clip_val=0.49052872694012956
learning_rate=0.03294206085911637
hidden_size=35
attention_head_size=1
dropout=0.27988039595654435
hidden_continuous_size=9
max_epochs=500
