gradient_clip_val=0.5080925063720829
learning_rate=0.006711573839906806
hidden_size=49
attention_head_size=4
dropout=0.26345703197755144
hidden_continuous_size=9
max_epochs=500
