gradient_clip_val=0.10613767967198492
learning_rate=0.003087902430052354
hidden_size=98
attention_head_size=1
dropout=0.2102379201011036
hidden_continuous_size=52
max_epochs=500
