gradient_clip_val=0.046026034901738726
learning_rate=0.031233437305505558
hidden_size=109
attention_head_size=2
dropout=0.1747431585422417
hidden_continuous_size=26
max_epochs=500
