gradient_clip_val=0.40475743247512935
learning_rate=0.0016896705623876249
hidden_size=14
attention_head_size=4
dropout=0.22583428501413524
hidden_continuous_size=10
max_epochs=500
