gradient_clip_val=0.1381256344564115
learning_rate=0.003969367862229332
hidden_size=18
attention_head_size=4
dropout=0.16121096774526658
hidden_continuous_size=8
max_epochs=500
