gradient_clip_val=0.01858834826094007
learning_rate=0.019613840263929545
hidden_size=8
attention_head_size=4
dropout=0.20360322740900394
hidden_continuous_size=8
max_epochs=500
