gradient_clip_val=0.02846738113766611
learning_rate=0.01681718577001044
hidden_size=127
attention_head_size=4
dropout=0.1413731241479606
hidden_continuous_size=42
max_epochs=500
