gradient_clip_val=0.012582460499021439
learning_rate=0.010018064154917456
hidden_size=19
attention_head_size=3
dropout=0.22985000485892212
hidden_continuous_size=11
max_epochs=500
