gradient_clip_val=0.1160909236377061
learning_rate=0.0013421287011645073
hidden_size=15
attention_head_size=3
dropout=0.1973254941285622
hidden_continuous_size=11
max_epochs=500
