gradient_clip_val=0.3747725810087139
learning_rate=0.00758187416100283
hidden_size=17
attention_head_size=3
dropout=0.14910830845545298
hidden_continuous_size=13
max_epochs=500
