gradient_clip_val=0.011733630165921305
learning_rate=0.06926455434196285
hidden_size=17
attention_head_size=1
dropout=0.1768987339290486
hidden_continuous_size=13
max_epochs=500
