gradient_clip_val=0.019647362634658872
learning_rate=0.001563051565025653
hidden_size=54
attention_head_size=1
dropout=0.2727107353694672
hidden_continuous_size=13
max_epochs=500
