gradient_clip_val=0.12138070754772703
learning_rate=0.022236961479871788
hidden_size=35
attention_head_size=4
dropout=0.2949248837619751
hidden_continuous_size=10
max_epochs=500
