gradient_clip_val=0.06733893443813238
learning_rate=0.044614425452181666
hidden_size=31
attention_head_size=1
dropout=0.14647460820050826
hidden_continuous_size=16
max_epochs=500
