gradient_clip_val=0.9838224117305189
learning_rate=0.004229778600511933
hidden_size=12
attention_head_size=2
dropout=0.117254911695006
hidden_continuous_size=8
max_epochs=500
