gradient_clip_val=0.05856002310122159
learning_rate=0.001564146575931034
hidden_size=61
attention_head_size=2
dropout=0.1255737348372864
hidden_continuous_size=28
max_epochs=500
