gradient_clip_val=0.11869817710356483
learning_rate=0.023959413726813237
hidden_size=8
attention_head_size=1
dropout=0.10991977081690059
hidden_continuous_size=8
max_epochs=500
