gradient_clip_val=0.04027572370987498
learning_rate=0.005333758740067573
hidden_size=33
attention_head_size=2
dropout=0.2309236902739316
hidden_continuous_size=27
max_epochs=500
