gradient_clip_val=0.048556508034464894
learning_rate=0.06540553144805857
hidden_size=66
attention_head_size=2
dropout=0.11276353894400384
hidden_continuous_size=55
max_epochs=500
