gradient_clip_val=0.7826466836172229
learning_rate=0.00203684905250284
hidden_size=128
attention_head_size=1
dropout=0.29184739473813714
hidden_continuous_size=13
max_epochs=500
