gradient_clip_val=0.03839930188301183
learning_rate=0.05730427647206018
hidden_size=102
attention_head_size=1
dropout=0.101420853054907
hidden_continuous_size=15
max_epochs=500
