gradient_clip_val=0.024251839306664216
learning_rate=0.0075798079289668314
hidden_size=35
attention_head_size=4
dropout=0.1908231119483531
hidden_continuous_size=22
max_epochs=500
