gradient_clip_val=0.017281748593362817
learning_rate=0.08124907693142522
hidden_size=119
attention_head_size=1
dropout=0.16624334186178363
hidden_continuous_size=8
max_epochs=500
