gradient_clip_val=0.15411706574781725
learning_rate=0.006329618837805303
hidden_size=53
attention_head_size=3
dropout=0.19774649691256957
hidden_continuous_size=12
max_epochs=500
