gradient_clip_val=0.7222983586624022
learning_rate=0.0011698763174578656
hidden_size=124
attention_head_size=3
dropout=0.15980642287193675
hidden_continuous_size=18
max_epochs=500
