gradient_clip_val=0.012409462117558116
learning_rate=0.021070107045947632
hidden_size=8
attention_head_size=3
dropout=0.19825587066515035
hidden_continuous_size=8
max_epochs=500
