gradient_clip_val=0.0902350437795021
learning_rate=0.061474195483078774
hidden_size=34
attention_head_size=2
dropout=0.11273744448868209
hidden_continuous_size=12
max_epochs=500
