gradient_clip_val=0.16489891750148156
learning_rate=0.0011394809382753721
hidden_size=16
attention_head_size=2
dropout=0.1910205132467917
hidden_continuous_size=8
max_epochs=500
