gradient_clip_val=0.11788092992124127
learning_rate=0.07174789962078447
hidden_size=67
attention_head_size=2
dropout=0.17038015413541988
hidden_continuous_size=19
max_epochs=500
