gradient_clip_val=0.012861617881685019
learning_rate=0.052818901607549366
hidden_size=22
attention_head_size=4
dropout=0.2890195703618995
hidden_continuous_size=20
max_epochs=500
