gradient_clip_val=0.023296749558529364
learning_rate=0.0018626980945946143
hidden_size=29
attention_head_size=3
dropout=0.25711365845312584
hidden_continuous_size=19
max_epochs=500
