gradient_clip_val=0.030753925825750608
learning_rate=0.005943583727051158
hidden_size=50
attention_head_size=4
dropout=0.24195169285392162
hidden_continuous_size=28
max_epochs=500
