gradient_clip_val=0.03549843999419024
learning_rate=0.05115353073623296
hidden_size=16
attention_head_size=3
dropout=0.23145226897531562
hidden_continuous_size=11
max_epochs=500
