gradient_clip_val=0.028207443007759264
learning_rate=0.09835246863504106
hidden_size=8
attention_head_size=1
dropout=0.2665421911082487
hidden_continuous_size=8
max_epochs=500
