gradient_clip_val=0.028158257454559518
learning_rate=0.04317885458170035
hidden_size=98
attention_head_size=3
dropout=0.20068067572363602
hidden_continuous_size=8
max_epochs=500
