gradient_clip_val=0.14583989180177398
learning_rate=0.06689207599063758
hidden_size=14
attention_head_size=3
dropout=0.15236427546835302
hidden_continuous_size=9
max_epochs=500
