gradient_clip_val=0.15573125759844045
learning_rate=0.037736132679609125
hidden_size=65
attention_head_size=4
dropout=0.18418419422919172
hidden_continuous_size=27
max_epochs=500
