gradient_clip_val=0.13450719514238124
learning_rate=0.0015297649099963262
hidden_size=15
attention_head_size=1
dropout=0.18023569455135866
hidden_continuous_size=11
max_epochs=500
