gradient_clip_val=0.03288830027702073
learning_rate=0.008941148155633294
hidden_size=25
attention_head_size=2
dropout=0.18886811043203944
hidden_continuous_size=18
max_epochs=500
