gradient_clip_val=0.015215423936325443
learning_rate=0.015978652854597236
hidden_size=26
attention_head_size=4
dropout=0.2329154358511683
hidden_continuous_size=24
max_epochs=500
