gradient_clip_val=0.016688843851259315
learning_rate=0.0012693609077418227
hidden_size=12
attention_head_size=4
dropout=0.24320396165539318
hidden_continuous_size=9
max_epochs=500
