gradient_clip_val=0.7877663884392728
learning_rate=0.03680473500557447
hidden_size=35
attention_head_size=2
dropout=0.2550347834859784
hidden_continuous_size=14
max_epochs=500
