gradient_clip_val=0.04252840492243265
learning_rate=0.01171986075000561
hidden_size=38
attention_head_size=1
dropout=0.20887550254030401
hidden_continuous_size=29
max_epochs=500
