gradient_clip_val=0.012122320473940565
learning_rate=0.036980426017185035
hidden_size=24
attention_head_size=2
dropout=0.2872995684970947
hidden_continuous_size=8
max_epochs=500
