gradient_clip_val=0.06795158010107094
learning_rate=0.0018814527172679538
hidden_size=14
attention_head_size=1
dropout=0.2937220544266338
hidden_continuous_size=13
max_epochs=500
