gradient_clip_val=0.07931171174510065
learning_rate=0.025427326997820042
hidden_size=98
attention_head_size=4
dropout=0.10620668247647576
hidden_continuous_size=11
max_epochs=500
