gradient_clip_val=0.08990107969157227
learning_rate=0.05189186076555359
hidden_size=23
attention_head_size=2
dropout=0.29699003880575237
hidden_continuous_size=18
max_epochs=500
