gradient_clip_val=0.15624003359511085
learning_rate=0.0041001400212193565
hidden_size=62
attention_head_size=4
dropout=0.18457879232129293
hidden_continuous_size=10
max_epochs=500
