gradient_clip_val=0.015604291970019463
learning_rate=0.09238067883312631
hidden_size=39
attention_head_size=3
dropout=0.263072026513533
hidden_continuous_size=25
max_epochs=500
