gradient_clip_val=0.09393046531420943
learning_rate=0.09217688316175669
hidden_size=18
attention_head_size=4
dropout=0.2716289986803202
hidden_continuous_size=16
max_epochs=500
