gradient_clip_val=0.07228555076137376
learning_rate=0.0017211806208617508
hidden_size=26
attention_head_size=4
dropout=0.21266557547670514
hidden_continuous_size=12
max_epochs=500
