gradient_clip_val=0.033582223544521214
learning_rate=0.04885182211403455
hidden_size=20
attention_head_size=4
dropout=0.13880026342975005
hidden_continuous_size=16
max_epochs=500
