gradient_clip_val=0.04915447693569095
learning_rate=0.022352535066451726
hidden_size=14
attention_head_size=1
dropout=0.22025116670870123
hidden_continuous_size=14
max_epochs=500
