gradient_clip_val=0.17454003857902864
learning_rate=0.01814728334936072
hidden_size=42
attention_head_size=4
dropout=0.11965134992455631
hidden_continuous_size=24
max_epochs=500
