gradient_clip_val=0.014817596558791188
learning_rate=0.0011830254761103327
hidden_size=58
attention_head_size=1
dropout=0.17235699173838603
hidden_continuous_size=23
max_epochs=500
