gradient_clip_val=0.16180793867529553
learning_rate=0.0013145476400832207
hidden_size=65
attention_head_size=4
dropout=0.2655324033227635
hidden_continuous_size=29
max_epochs=500
