gradient_clip_val=0.21884580166559664
learning_rate=0.019704020777185857
hidden_size=22
attention_head_size=3
dropout=0.11388532216572217
hidden_continuous_size=11
max_epochs=500
