gradient_clip_val=0.08509359158938498
learning_rate=0.005444696724846699
hidden_size=90
attention_head_size=2
dropout=0.2529768818681958
hidden_continuous_size=10
max_epochs=500
