gradient_clip_val=0.02098735288603131
learning_rate=0.005161521658366931
hidden_size=11
attention_head_size=2
dropout=0.2443036138237218
hidden_continuous_size=8
max_epochs=500
