gradient_clip_val=0.4206507393109263
learning_rate=0.006505209000515391
hidden_size=102
attention_head_size=2
dropout=0.25293105928376647
hidden_continuous_size=56
max_epochs=500
