gradient_clip_val=0.02801795311360623
learning_rate=0.0010808364654607326
hidden_size=17
attention_head_size=2
dropout=0.16234248263368792
hidden_continuous_size=11
max_epochs=500
