gradient_clip_val=0.016007113722827915
learning_rate=0.0012785374929746025
hidden_size=17
attention_head_size=1
dropout=0.20770386506722643
hidden_continuous_size=9
max_epochs=500
