gradient_clip_val=0.8967428307995251
learning_rate=0.06638123883795381
hidden_size=43
attention_head_size=3
dropout=0.213646721069921
hidden_continuous_size=39
max_epochs=500
