gradient_clip_val=0.05600320718849022
learning_rate=0.017148391043843032
hidden_size=8
attention_head_size=2
dropout=0.21617789537483628
hidden_continuous_size=8
max_epochs=500
