gradient_clip_val=0.16348209376926312
learning_rate=0.047590155981625616
hidden_size=31
attention_head_size=2
dropout=0.2706276385860732
hidden_continuous_size=8
max_epochs=500
