gradient_clip_val=0.25701146777175193
learning_rate=0.08997634614920973
hidden_size=94
attention_head_size=2
dropout=0.12771752310584758
hidden_continuous_size=14
max_epochs=500
