gradient_clip_val=0.01281875985595726
learning_rate=0.001073792717953589
hidden_size=20
attention_head_size=4
dropout=0.25460514492879305
hidden_continuous_size=13
max_epochs=500
