gradient_clip_val=0.2050869058775773
learning_rate=0.004373408689433082
hidden_size=78
attention_head_size=3
dropout=0.17686739059744566
hidden_continuous_size=47
max_epochs=500
