gradient_clip_val=0.018507163463278086
learning_rate=0.004625696507192763
hidden_size=28
attention_head_size=2
dropout=0.26050487437687153
hidden_continuous_size=23
max_epochs=500
