gradient_clip_val=0.03235412573827142
learning_rate=0.025186423416149215
hidden_size=103
attention_head_size=3
dropout=0.24119190313516564
hidden_continuous_size=62
max_epochs=500
