gradient_clip_val=0.014677347642506684
learning_rate=0.003509103017541709
hidden_size=8
attention_head_size=2
dropout=0.1484135802398453
hidden_continuous_size=8
max_epochs=500
