gradient_clip_val=0.068932830951107
learning_rate=0.036491056186877625
hidden_size=93
attention_head_size=1
dropout=0.11282944478091515
hidden_continuous_size=85
max_epochs=500
