gradient_clip_val=0.02782876361666738
learning_rate=0.004334235789353079
hidden_size=11
attention_head_size=4
dropout=0.1469820452096267
hidden_continuous_size=10
max_epochs=500
