gradient_clip_val=0.29801353749283566
learning_rate=0.01328513545887753
hidden_size=121
attention_head_size=3
dropout=0.12576170889340163
hidden_continuous_size=20
max_epochs=500
