gradient_clip_val=0.23304118753767403
learning_rate=0.02838890183087487
hidden_size=88
attention_head_size=2
dropout=0.26522612879032587
hidden_continuous_size=11
max_epochs=500
