gradient_clip_val=0.39210784869576
learning_rate=0.002432664777783023
hidden_size=126
attention_head_size=2
dropout=0.1872068781970178
hidden_continuous_size=43
max_epochs=500
