gradient_clip_val=0.014839470938141199
learning_rate=0.002410660569250312
hidden_size=20
attention_head_size=3
dropout=0.22110395459761112
hidden_continuous_size=20
max_epochs=500
