gradient_clip_val=0.06426338799414415
learning_rate=0.03862792547786057
hidden_size=10
attention_head_size=3
dropout=0.13489037780535434
hidden_continuous_size=10
max_epochs=500
