gradient_clip_val=0.03125978247842538
learning_rate=0.0011306586677928034
hidden_size=34
attention_head_size=2
dropout=0.1276257221173975
hidden_continuous_size=15
max_epochs=500
