gradient_clip_val=0.31605299193112785
learning_rate=0.0036708516257916136
hidden_size=18
attention_head_size=2
dropout=0.20173881929243415
hidden_continuous_size=9
max_epochs=500
