gradient_clip_val=0.2964287929310942
learning_rate=0.0046600903202142245
hidden_size=33
attention_head_size=3
dropout=0.11617577058516962
hidden_continuous_size=10
max_epochs=500
