gradient_clip_val=0.09547932787878284
learning_rate=0.0010249020407451384
hidden_size=10
attention_head_size=1
dropout=0.1912223240902694
hidden_continuous_size=9
max_epochs=500
