gradient_clip_val=0.010423906634047828
learning_rate=0.0030956189875563983
hidden_size=9
attention_head_size=1
dropout=0.18373115021344916
hidden_continuous_size=9
max_epochs=500
