gradient_clip_val=0.6390882868390314
learning_rate=0.0018561287281709418
hidden_size=15
attention_head_size=4
dropout=0.2159586739933111
hidden_continuous_size=14
max_epochs=500
