gradient_clip_val=0.016226927327297924
learning_rate=0.013770684580200955
hidden_size=92
attention_head_size=3
dropout=0.13747991856752292
hidden_continuous_size=47
max_epochs=500
