gradient_clip_val=0.06783930484361696
learning_rate=0.027317471646920888
hidden_size=51
attention_head_size=2
dropout=0.13032982021070025
hidden_continuous_size=32
max_epochs=500
