gradient_clip_val=0.7393938838015595
learning_rate=0.009624008534272529
hidden_size=15
attention_head_size=2
dropout=0.18263410650886475
hidden_continuous_size=14
max_epochs=500
