gradient_clip_val=0.014163918960458346
learning_rate=0.03624009987142576
hidden_size=43
attention_head_size=2
dropout=0.2103046358217639
hidden_continuous_size=11
max_epochs=500
