gradient_clip_val=0.023139939845022377
learning_rate=0.0030596823054371155
hidden_size=41
attention_head_size=3
dropout=0.11269195784372198
hidden_continuous_size=24
max_epochs=500
