gradient_clip_val=0.10319049413720247
learning_rate=0.08517813509933728
hidden_size=53
attention_head_size=3
dropout=0.14452578709875993
hidden_continuous_size=22
max_epochs=500
