gradient_clip_val=0.053884710903044135
learning_rate=0.02767521587845812
hidden_size=78
attention_head_size=2
dropout=0.1537054196794065
hidden_continuous_size=26
max_epochs=500
