gradient_clip_val=0.0909896062234821
learning_rate=0.046110236989885235
hidden_size=88
attention_head_size=1
dropout=0.1645215746649303
hidden_continuous_size=9
max_epochs=500
