gradient_clip_val=0.0726427224528754
learning_rate=0.01743228768297822
hidden_size=8
attention_head_size=1
dropout=0.13083056752831035
hidden_continuous_size=8
max_epochs=500
