gradient_clip_val=0.034842928441435606
learning_rate=0.005808365048827006
hidden_size=49
attention_head_size=1
dropout=0.23737229734261237
hidden_continuous_size=8
max_epochs=500
