gradient_clip_val=0.2543186964654463
learning_rate=0.0044110100522813415
hidden_size=116
attention_head_size=3
dropout=0.18537562406745964
hidden_continuous_size=18
max_epochs=500
