gradient_clip_val=0.024874751615004864
learning_rate=0.009992732038338798
hidden_size=15
attention_head_size=3
dropout=0.16157378767626557
hidden_continuous_size=13
max_epochs=500
