gradient_clip_val=0.03894115138664298
learning_rate=0.05578532762652312
hidden_size=42
attention_head_size=2
dropout=0.1566012404846428
hidden_continuous_size=21
max_epochs=500
