gradient_clip_val=0.45318281360430446
learning_rate=0.08320749367766189
hidden_size=123
attention_head_size=3
dropout=0.1786891602664274
hidden_continuous_size=47
max_epochs=500
