gradient_clip_val=0.017297310426044037
learning_rate=0.026860844707166487
hidden_size=110
attention_head_size=4
dropout=0.2807054812302764
hidden_continuous_size=11
max_epochs=500
