gradient_clip_val=0.015460260944140809
learning_rate=0.022461035462163898
hidden_size=38
attention_head_size=1
dropout=0.2384866050225262
hidden_continuous_size=20
max_epochs=500
