gradient_clip_val=0.10995104542832358
learning_rate=0.023797481597508448
hidden_size=9
attention_head_size=1
dropout=0.10135514464287176
hidden_continuous_size=9
max_epochs=500
