gradient_clip_val=0.012311173958742925
learning_rate=0.0011140876174916723
hidden_size=29
attention_head_size=4
dropout=0.10984352899223182
hidden_continuous_size=25
max_epochs=500
