gradient_clip_val=0.04384198444199396
learning_rate=0.04481592462438781
hidden_size=14
attention_head_size=1
dropout=0.25565880844604416
hidden_continuous_size=9
max_epochs=500
