gradient_clip_val=0.0664921191207822
learning_rate=0.002776269429552477
hidden_size=26
attention_head_size=4
dropout=0.2674930600619263
hidden_continuous_size=18
max_epochs=500
