gradient_clip_val=0.8783768070318534
learning_rate=0.0020280861268145585
hidden_size=58
attention_head_size=4
dropout=0.23662509313783955
hidden_continuous_size=26
max_epochs=500
