gradient_clip_val=0.7858984192513254
learning_rate=0.050817614632610066
hidden_size=33
attention_head_size=2
dropout=0.23344456091327748
hidden_continuous_size=15
max_epochs=500
