gradient_clip_val=0.8533933491310275
learning_rate=0.03634395857129492
hidden_size=33
attention_head_size=2
dropout=0.1597532680087294
hidden_continuous_size=12
max_epochs=500
