gradient_clip_val=0.08905571012040728
learning_rate=0.0012026129634810695
hidden_size=20
attention_head_size=2
dropout=0.1469496467640331
hidden_continuous_size=10
max_epochs=500
