gradient_clip_val=0.1454521900398335
learning_rate=0.004798739665530956
hidden_size=107
attention_head_size=4
dropout=0.23810458386877834
hidden_continuous_size=78
max_epochs=500
