gradient_clip_val=0.11474787805578131
learning_rate=0.0520992154479348
hidden_size=37
attention_head_size=3
dropout=0.22115784148558387
hidden_continuous_size=13
max_epochs=500
