gradient_clip_val=0.019295292511638595
learning_rate=0.003562869309118332
hidden_size=19
attention_head_size=3
dropout=0.2629977107293845
hidden_continuous_size=19
max_epochs=500
