gradient_clip_val=0.02184800507175957
learning_rate=0.025290166927656104
hidden_size=122
attention_head_size=3
dropout=0.2523007981894566
hidden_continuous_size=48
max_epochs=500
