gradient_clip_val=0.014254754248872016
learning_rate=0.005197261965352667
hidden_size=18
attention_head_size=2
dropout=0.11597765671752698
hidden_continuous_size=16
max_epochs=500
