gradient_clip_val=0.3060287321618734
learning_rate=0.01431638269757668
hidden_size=35
attention_head_size=1
dropout=0.14713910571370006
hidden_continuous_size=19
max_epochs=500
