gradient_clip_val=0.024092909465767236
learning_rate=0.019041833271538914
hidden_size=60
attention_head_size=2
dropout=0.2979380792017783
hidden_continuous_size=19
max_epochs=500
