gradient_clip_val=0.5788287570728504
learning_rate=0.01356245471611594
hidden_size=15
attention_head_size=1
dropout=0.19661535394706364
hidden_continuous_size=8
max_epochs=500
