gradient_clip_val=0.4624256658544549
learning_rate=0.02076934105659713
hidden_size=35
attention_head_size=2
dropout=0.25564599108199815
hidden_continuous_size=27
max_epochs=500
