gradient_clip_val=0.021923886170870013
learning_rate=0.0010824054028341797
hidden_size=8
attention_head_size=1
dropout=0.18639005675463655
hidden_continuous_size=8
max_epochs=500
