gradient_clip_val=0.44945307215061625
learning_rate=0.08822300779714219
hidden_size=44
attention_head_size=2
dropout=0.2416275992418565
hidden_continuous_size=35
max_epochs=500
