gradient_clip_val=0.15615845258296598
learning_rate=0.012683870599590545
hidden_size=38
attention_head_size=3
dropout=0.2955442316300677
hidden_continuous_size=21
max_epochs=500
