gradient_clip_val=0.32751935003986316
learning_rate=0.01353992530578235
hidden_size=37
attention_head_size=4
dropout=0.2661251162147812
hidden_continuous_size=35
max_epochs=500
