gradient_clip_val=0.1771876529760692
learning_rate=0.024103954251028712
hidden_size=8
attention_head_size=3
dropout=0.2819045021695837
hidden_continuous_size=8
max_epochs=500
