gradient_clip_val=0.3897857012208425
learning_rate=0.014362134544297822
hidden_size=48
attention_head_size=4
dropout=0.12865538544450814
hidden_continuous_size=46
max_epochs=500
