gradient_clip_val=0.01994666322931349
learning_rate=0.008610581168048585
hidden_size=35
attention_head_size=2
dropout=0.10755665262751408
hidden_continuous_size=21
max_epochs=500
