gradient_clip_val=0.025848410768207503
learning_rate=0.007704516925127769
hidden_size=48
attention_head_size=4
dropout=0.29371660386604037
hidden_continuous_size=20
max_epochs=500
