gradient_clip_val=0.012347904650279828
learning_rate=0.0012406647482555394
hidden_size=22
attention_head_size=2
dropout=0.11146636988330667
hidden_continuous_size=15
max_epochs=500
