gradient_clip_val=0.07701247793559762
learning_rate=0.02676943895816636
hidden_size=10
attention_head_size=4
dropout=0.294167915470698
hidden_continuous_size=8
max_epochs=500
