gradient_clip_val=0.06143562210744845
learning_rate=0.0013574656107801096
hidden_size=27
attention_head_size=4
dropout=0.2770059294665531
hidden_continuous_size=12
max_epochs=500
