gradient_clip_val=0.8809301114903508
learning_rate=0.09208287890742134
hidden_size=61
attention_head_size=4
dropout=0.18066509728163443
hidden_continuous_size=10
max_epochs=500
