gradient_clip_val=0.03260354347858625
learning_rate=0.003992113130739691
hidden_size=19
attention_head_size=1
dropout=0.16614915306475092
hidden_continuous_size=9
max_epochs=500
