gradient_clip_val=0.27823868733840085
learning_rate=0.0011659446127018562
hidden_size=9
attention_head_size=3
dropout=0.23587635110498992
hidden_continuous_size=8
max_epochs=500
