gradient_clip_val=0.3604470543973208
learning_rate=0.08398556286050947
hidden_size=13
attention_head_size=1
dropout=0.1665118162961134
hidden_continuous_size=12
max_epochs=500
