gradient_clip_val=0.24153304279421103
learning_rate=0.06258917545259234
hidden_size=38
attention_head_size=2
dropout=0.18906704129531254
hidden_continuous_size=14
max_epochs=500
