gradient_clip_val=0.010479329969113039
learning_rate=0.0020865822234781553
hidden_size=23
attention_head_size=2
dropout=0.2775578720395464
hidden_continuous_size=8
max_epochs=500
