gradient_clip_val=0.8572104777644544
learning_rate=0.013394659675274773
hidden_size=24
attention_head_size=3
dropout=0.2838582726026192
hidden_continuous_size=24
max_epochs=500
