gradient_clip_val=0.19942074243738553
learning_rate=0.018580791634486154
hidden_size=13
attention_head_size=3
dropout=0.12237668962191794
hidden_continuous_size=12
max_epochs=500
