gradient_clip_val=0.6059499464098435
learning_rate=0.0016447018618757706
hidden_size=14
attention_head_size=3
dropout=0.14961227198748486
hidden_continuous_size=8
max_epochs=500
