gradient_clip_val=0.058855114998515125
learning_rate=0.01920982737191977
hidden_size=79
attention_head_size=1
dropout=0.21138125182592316
hidden_continuous_size=71
max_epochs=500
