gradient_clip_val=0.02597572472522964
learning_rate=0.01481575850253528
hidden_size=31
attention_head_size=2
dropout=0.194755156476706
hidden_continuous_size=15
max_epochs=500
