gradient_clip_val=0.08055565558067052
learning_rate=0.001821602433993207
hidden_size=95
attention_head_size=1
dropout=0.2821166192682538
hidden_continuous_size=30
max_epochs=500
