gradient_clip_val=0.07445601101349537
learning_rate=0.04945079083586008
hidden_size=27
attention_head_size=2
dropout=0.24047715620204604
hidden_continuous_size=21
max_epochs=500
