gradient_clip_val=0.29563061886724856
learning_rate=0.001167223539213109
hidden_size=12
attention_head_size=2
dropout=0.26033452324105916
hidden_continuous_size=11
max_epochs=500
