gradient_clip_val=0.8029108376444739
learning_rate=0.0011538648483641564
hidden_size=18
attention_head_size=1
dropout=0.21146683927362103
hidden_continuous_size=13
max_epochs=500
