gradient_clip_val=0.31555542090976957
learning_rate=0.01093715559816332
hidden_size=8
attention_head_size=1
dropout=0.1409003953170674
hidden_continuous_size=8
max_epochs=500
