gradient_clip_val=0.5645741712706238
learning_rate=0.018996536987123287
hidden_size=106
attention_head_size=1
dropout=0.14222067714432485
hidden_continuous_size=10
max_epochs=500
