gradient_clip_val=0.1185112794857479
learning_rate=0.08722742667654829
hidden_size=23
attention_head_size=2
dropout=0.1805619686724762
hidden_continuous_size=11
max_epochs=500
