gradient_clip_val=0.06989440417527618
learning_rate=0.005769273296329121
hidden_size=26
attention_head_size=4
dropout=0.14661566315854818
hidden_continuous_size=9
max_epochs=500
