gradient_clip_val=0.07153934398935063
learning_rate=0.007692622692302352
hidden_size=10
attention_head_size=1
dropout=0.12789087620145717
hidden_continuous_size=8
max_epochs=500
