gradient_clip_val=0.2978798882368573
learning_rate=0.03453646400986415
hidden_size=16
attention_head_size=2
dropout=0.21630043960662243
hidden_continuous_size=10
max_epochs=500
