gradient_clip_val=0.8185727914073483
learning_rate=0.00443178199992164
hidden_size=16
attention_head_size=4
dropout=0.2347243224618733
hidden_continuous_size=8
max_epochs=500
