gradient_clip_val=0.2329788699163204
learning_rate=0.0829153848643784
hidden_size=17
attention_head_size=1
dropout=0.13237089810419714
hidden_continuous_size=8
max_epochs=500
