gradient_clip_val=0.25092800888106565
learning_rate=0.003312932994607628
hidden_size=93
attention_head_size=4
dropout=0.18557539505880657
hidden_continuous_size=33
max_epochs=500
