gradient_clip_val=0.021009031640439796
learning_rate=0.005797970362714387
hidden_size=44
attention_head_size=1
dropout=0.15016878071180056
hidden_continuous_size=37
max_epochs=500
