gradient_clip_val=0.11951732129925632
learning_rate=0.001200629581370998
hidden_size=60
attention_head_size=4
dropout=0.20912548766822636
hidden_continuous_size=22
max_epochs=500
