gradient_clip_val=0.42442534380565
learning_rate=0.03660160017899547
hidden_size=14
attention_head_size=1
dropout=0.15914867347487135
hidden_continuous_size=14
max_epochs=500
