gradient_clip_val=0.02915929642901672
learning_rate=0.0016045176933192334
hidden_size=45
attention_head_size=1
dropout=0.22293655679110888
hidden_continuous_size=36
max_epochs=500
