gradient_clip_val=0.05729237925566211
learning_rate=0.02009675396847381
hidden_size=13
attention_head_size=4
dropout=0.16555773568065132
hidden_continuous_size=11
max_epochs=500
