gradient_clip_val=0.3623894426975597
learning_rate=0.004508665738162909
hidden_size=22
attention_head_size=2
dropout=0.2044363501598117
hidden_continuous_size=22
max_epochs=500
