gradient_clip_val=0.025615352166623598
learning_rate=0.0010818301481855183
hidden_size=15
attention_head_size=2
dropout=0.18012343012329385
hidden_continuous_size=8
max_epochs=500
