gradient_clip_val=0.013168144911847111
learning_rate=0.01822077118280885
hidden_size=75
attention_head_size=3
dropout=0.28665744404532767
hidden_continuous_size=58
max_epochs=500
