gradient_clip_val=0.08365831170556319
learning_rate=0.00995308560372608
hidden_size=16
attention_head_size=4
dropout=0.14946427135841708
hidden_continuous_size=16
max_epochs=500
