gradient_clip_val=0.32595579848089423
learning_rate=0.00603501786472599
hidden_size=63
attention_head_size=4
dropout=0.2723897031316962
hidden_continuous_size=13
max_epochs=500
