gradient_clip_val=0.016162534058005905
learning_rate=0.0216232078050045
hidden_size=102
attention_head_size=3
dropout=0.2512026613922242
hidden_continuous_size=17
max_epochs=500
