gradient_clip_val=0.2618113011807232
learning_rate=0.09563734869316229
hidden_size=43
attention_head_size=3
dropout=0.26789909321988525
hidden_continuous_size=35
max_epochs=500
