gradient_clip_val=0.7012132565416529
learning_rate=0.009067150722458811
hidden_size=17
attention_head_size=4
dropout=0.2547194409499328
hidden_continuous_size=12
max_epochs=500
