gradient_clip_val=0.9570247228365315
learning_rate=0.07115247009337437
hidden_size=68
attention_head_size=2
dropout=0.2113075469417836
hidden_continuous_size=14
max_epochs=500
