gradient_clip_val=0.1472955349639741
learning_rate=0.027367133709668715
hidden_size=14
attention_head_size=3
dropout=0.2680897407180501
hidden_continuous_size=13
max_epochs=500
