gradient_clip_val=0.14904546052750042
learning_rate=0.028730923506718156
hidden_size=12
attention_head_size=1
dropout=0.24865841762468868
hidden_continuous_size=10
max_epochs=500
