gradient_clip_val=0.05829831742975056
learning_rate=0.0026083011562313546
hidden_size=74
attention_head_size=2
dropout=0.21245282485789047
hidden_continuous_size=51
max_epochs=500
