gradient_clip_val=0.25236611817890303
learning_rate=0.0016501427346652278
hidden_size=49
attention_head_size=1
dropout=0.2616928758976794
hidden_continuous_size=11
max_epochs=500
