gradient_clip_val=0.04656067277923206
learning_rate=0.055571334932123434
hidden_size=10
attention_head_size=3
dropout=0.2995743910540739
hidden_continuous_size=9
max_epochs=500
