gradient_clip_val=0.41379600856549087
learning_rate=0.0055049084737505
hidden_size=54
attention_head_size=2
dropout=0.1817381918859381
hidden_continuous_size=39
max_epochs=500
