gradient_clip_val=0.08556570484613647
learning_rate=0.050602078396813674
hidden_size=17
attention_head_size=4
dropout=0.11523139804626753
hidden_continuous_size=9
max_epochs=500
