gradient_clip_val=0.02176999040798023
learning_rate=0.0027987916172517243
hidden_size=45
attention_head_size=1
dropout=0.26598254507907987
hidden_continuous_size=14
max_epochs=500
