gradient_clip_val=0.020831818251121223
learning_rate=0.002110220792434805
hidden_size=47
attention_head_size=2
dropout=0.11025024400336794
hidden_continuous_size=11
max_epochs=500
