gradient_clip_val=0.05564698443343932
learning_rate=0.0032280542914109598
hidden_size=66
attention_head_size=3
dropout=0.22045992472510922
hidden_continuous_size=36
max_epochs=500
