gradient_clip_val=0.05944842162771208
learning_rate=0.0025561869144938945
hidden_size=19
attention_head_size=3
dropout=0.23673823402575708
hidden_continuous_size=14
max_epochs=500
