gradient_clip_val=0.7869654311528966
learning_rate=0.011863533789356721
hidden_size=88
attention_head_size=3
dropout=0.1372645493222075
hidden_continuous_size=82
max_epochs=500
