gradient_clip_val=0.4170905156827924
learning_rate=0.015269787365266517
hidden_size=10
attention_head_size=3
dropout=0.18241121112027708
hidden_continuous_size=8
max_epochs=500
