gradient_clip_val=0.5707096985788601
learning_rate=0.005809696640890563
hidden_size=73
attention_head_size=2
dropout=0.2569165808862035
hidden_continuous_size=20
max_epochs=500
