gradient_clip_val=0.06612416702112535
learning_rate=0.065137843889307
hidden_size=15
attention_head_size=1
dropout=0.1513545644442951
hidden_continuous_size=12
max_epochs=500
