gradient_clip_val=0.015829857121163676
learning_rate=0.005062329297175859
hidden_size=21
attention_head_size=4
dropout=0.13804088423137656
hidden_continuous_size=8
max_epochs=500
