gradient_clip_val=0.2646954219450884
learning_rate=0.01760034371729918
hidden_size=9
attention_head_size=2
dropout=0.22699768304306048
hidden_continuous_size=8
max_epochs=500
