gradient_clip_val=0.16295622785835936
learning_rate=0.0760787887702168
hidden_size=25
attention_head_size=4
dropout=0.2345592072907976
hidden_continuous_size=8
max_epochs=500
