gradient_clip_val=0.2488827035934469
learning_rate=0.00975044751383556
hidden_size=84
attention_head_size=2
dropout=0.11674837352992865
hidden_continuous_size=52
max_epochs=500
