gradient_clip_val=0.06606099416551552
learning_rate=0.003092868728135867
hidden_size=59
attention_head_size=4
dropout=0.1696478751128998
hidden_continuous_size=32
max_epochs=500
