gradient_clip_val=0.0343939957498869
learning_rate=0.03250118924383691
hidden_size=10
attention_head_size=2
dropout=0.2341839358221615
hidden_continuous_size=10
max_epochs=500
