gradient_clip_val=0.011101962565372867
learning_rate=0.04249246602918338
hidden_size=49
attention_head_size=2
dropout=0.20455143091670108
hidden_continuous_size=12
max_epochs=500
