gradient_clip_val=0.021788075327768604
learning_rate=0.028621861365961766
hidden_size=128
attention_head_size=1
dropout=0.12997101970587038
hidden_continuous_size=9
max_epochs=500
