gradient_clip_val=0.666409469584082
learning_rate=0.018086981455139376
hidden_size=32
attention_head_size=3
dropout=0.11744634961626388
hidden_continuous_size=16
max_epochs=500
