gradient_clip_val=0.033421623513261486
learning_rate=0.003338216570017223
hidden_size=11
attention_head_size=2
dropout=0.17901280185643637
hidden_continuous_size=8
max_epochs=500
