gradient_clip_val=0.4384859325106279
learning_rate=0.018109465979088777
hidden_size=35
attention_head_size=2
dropout=0.24036711838407923
hidden_continuous_size=13
max_epochs=500
