gradient_clip_val=0.010788124929210982
learning_rate=0.003295104309544865
hidden_size=29
attention_head_size=4
dropout=0.12108815573303514
hidden_continuous_size=14
max_epochs=500
