gradient_clip_val=0.7351037589724279
learning_rate=0.016328717648748502
hidden_size=10
attention_head_size=2
dropout=0.24876525726614687
hidden_continuous_size=9
max_epochs=500
