gradient_clip_val=0.11618240915324618
learning_rate=0.0015483555608931548
hidden_size=33
attention_head_size=1
dropout=0.15422543085119136
hidden_continuous_size=20
max_epochs=500
