gradient_clip_val=0.5817633840888305
learning_rate=0.0011222010572774282
hidden_size=53
attention_head_size=2
dropout=0.101861700825875
hidden_continuous_size=30
max_epochs=500
