gradient_clip_val=0.013543484223762574
learning_rate=0.02119568484360016
hidden_size=27
attention_head_size=1
dropout=0.1054249994108913
hidden_continuous_size=9
max_epochs=500
