gradient_clip_val=0.9676916476742083
learning_rate=0.01564233119034792
hidden_size=24
attention_head_size=1
dropout=0.1546821919702848
hidden_continuous_size=9
max_epochs=500
