gradient_clip_val=0.08243252508800315
learning_rate=0.003572530686038959
hidden_size=70
attention_head_size=2
dropout=0.10140653824759326
hidden_continuous_size=9
max_epochs=500
