gradient_clip_val=0.2783191907920582
learning_rate=0.08767969315384812
hidden_size=42
attention_head_size=2
dropout=0.14054098641881166
hidden_continuous_size=8
max_epochs=500
