gradient_clip_val=0.08318547817948356
learning_rate=0.06176727757204902
hidden_size=51
attention_head_size=4
dropout=0.2217697735415453
hidden_continuous_size=25
max_epochs=500
