gradient_clip_val=0.12360985326423332
learning_rate=0.0039942498013518886
hidden_size=11
attention_head_size=2
dropout=0.11921918425928393
hidden_continuous_size=9
max_epochs=500
