gradient_clip_val=0.6897524485145711
learning_rate=0.048948685093081264
hidden_size=75
attention_head_size=3
dropout=0.23937242634869627
hidden_continuous_size=54
max_epochs=500
