gradient_clip_val=0.2587948377686033
learning_rate=0.0036187619967942316
hidden_size=29
attention_head_size=2
dropout=0.163599148317245
hidden_continuous_size=12
max_epochs=500
