gradient_clip_val=0.2310068610505662
learning_rate=0.0046750926956389055
hidden_size=53
attention_head_size=1
dropout=0.10316820187107095
hidden_continuous_size=22
max_epochs=500
