gradient_clip_val=0.04590708909605438
learning_rate=0.08427394509229102
hidden_size=34
attention_head_size=1
dropout=0.272204457412971
hidden_continuous_size=11
max_epochs=500
