gradient_clip_val=0.5078903791424093
learning_rate=0.015390399910644427
hidden_size=24
attention_head_size=2
dropout=0.1367074677843452
hidden_continuous_size=13
max_epochs=500
