gradient_clip_val=0.4561262385458394
learning_rate=0.004811618374454311
hidden_size=62
attention_head_size=1
dropout=0.2961554362462762
hidden_continuous_size=16
max_epochs=500
