gradient_clip_val=0.13947705050952108
learning_rate=0.005479840696918765
hidden_size=59
attention_head_size=3
dropout=0.16116034214640082
hidden_continuous_size=37
max_epochs=500
