gradient_clip_val=0.20175346854700552
learning_rate=0.004259306927663079
hidden_size=48
attention_head_size=3
dropout=0.2868106504551996
hidden_continuous_size=9
max_epochs=500
