gradient_clip_val=0.25955341429135975
learning_rate=0.0020873018848000685
hidden_size=75
attention_head_size=4
dropout=0.19994191155161176
hidden_continuous_size=58
max_epochs=500
