gradient_clip_val=0.4767879931670677
learning_rate=0.016068565518230556
hidden_size=99
attention_head_size=4
dropout=0.1997112873494332
hidden_continuous_size=9
max_epochs=500
