gradient_clip_val=0.09518455207163143
learning_rate=0.010903698150664148
hidden_size=45
attention_head_size=1
dropout=0.2901247339027795
hidden_continuous_size=8
max_epochs=500
