gradient_clip_val=0.023102323313624357
learning_rate=0.0526213776825775
hidden_size=24
attention_head_size=4
dropout=0.263290991958942
hidden_continuous_size=10
max_epochs=500
