gradient_clip_val=0.05269958254699899
learning_rate=0.019295067982243737
hidden_size=28
attention_head_size=1
dropout=0.14722442190593366
hidden_continuous_size=13
max_epochs=500
