gradient_clip_val=0.03915347033201444
learning_rate=0.03567951032227714
hidden_size=23
attention_head_size=3
dropout=0.258152344249556
hidden_continuous_size=8
max_epochs=500
