gradient_clip_val=0.384591899985108
learning_rate=0.07155028360905374
hidden_size=10
attention_head_size=2
dropout=0.1418185072229603
hidden_continuous_size=10
max_epochs=500
