gradient_clip_val=0.21415671536581163
learning_rate=0.01878648925840004
hidden_size=43
attention_head_size=3
dropout=0.15327521283932338
hidden_continuous_size=26
max_epochs=500
