gradient_clip_val=0.10676947684851171
learning_rate=0.04486684164635126
hidden_size=102
attention_head_size=1
dropout=0.21398600454812966
hidden_continuous_size=17
max_epochs=500
