gradient_clip_val=0.39413166757198775
learning_rate=0.0018561669378282877
hidden_size=32
attention_head_size=1
dropout=0.12809657504169675
hidden_continuous_size=17
max_epochs=500
