gradient_clip_val=0.6407333601723653
learning_rate=0.07378192265584144
hidden_size=74
attention_head_size=3
dropout=0.269358820667693
hidden_continuous_size=11
max_epochs=500
