gradient_clip_val=0.014273686560487123
learning_rate=0.008724466878516647
hidden_size=99
attention_head_size=4
dropout=0.15175281325386242
hidden_continuous_size=26
max_epochs=500
