gradient_clip_val=0.016194761326161055
learning_rate=0.019925825838571155
hidden_size=12
attention_head_size=3
dropout=0.24414832122649519
hidden_continuous_size=10
max_epochs=500
