gradient_clip_val=0.04515104160165295
learning_rate=0.007139062245104155
hidden_size=49
attention_head_size=3
dropout=0.21207580941618043
hidden_continuous_size=29
max_epochs=500
