gradient_clip_val=0.03603276886028849
learning_rate=0.019422805110554837
hidden_size=10
attention_head_size=3
dropout=0.28349617550858613
hidden_continuous_size=9
max_epochs=500
