gradient_clip_val=0.5570233623122717
learning_rate=0.040942932305046136
hidden_size=32
attention_head_size=3
dropout=0.24365053783510374
hidden_continuous_size=14
max_epochs=500
