gradient_clip_val=0.2641413910764224
learning_rate=0.006286357364230703
hidden_size=8
attention_head_size=1
dropout=0.12008012737340397
hidden_continuous_size=8
max_epochs=500
