gradient_clip_val=0.013486946288511718
learning_rate=0.028110421295151847
hidden_size=67
attention_head_size=2
dropout=0.19601712618760936
hidden_continuous_size=26
max_epochs=500
