gradient_clip_val=0.039891169586859704
learning_rate=0.040256539093350384
hidden_size=74
attention_head_size=1
dropout=0.20307358668941122
hidden_continuous_size=8
max_epochs=500
