gradient_clip_val=0.18768697020859318
learning_rate=0.02127970005782066
hidden_size=12
attention_head_size=1
dropout=0.17781777528218695
hidden_continuous_size=11
max_epochs=500
