gradient_clip_val=0.044041248812189675
learning_rate=0.0014513261780344398
hidden_size=122
attention_head_size=4
dropout=0.21625283188740824
hidden_continuous_size=56
max_epochs=500
