gradient_clip_val=0.298000337532803
learning_rate=0.013056953334239483
hidden_size=31
attention_head_size=1
dropout=0.12989364094099098
hidden_continuous_size=25
max_epochs=500
