gradient_clip_val=0.9261174517789362
learning_rate=0.043724680595954066
hidden_size=10
attention_head_size=4
dropout=0.24472931523616231
hidden_continuous_size=10
max_epochs=500
