gradient_clip_val=0.20766148524919084
learning_rate=0.008788728380308274
hidden_size=17
attention_head_size=3
dropout=0.2988222688245076
hidden_continuous_size=11
max_epochs=500
