gradient_clip_val=0.13456906850579842
learning_rate=0.011615695304707668
hidden_size=26
attention_head_size=1
dropout=0.21191211908990493
hidden_continuous_size=10
max_epochs=500
