gradient_clip_val=0.02172628917673479
learning_rate=0.07213019938329501
hidden_size=112
attention_head_size=1
dropout=0.2856346177354247
hidden_continuous_size=14
max_epochs=500
