gradient_clip_val=0.26734004326644156
learning_rate=0.03598579343767425
hidden_size=36
attention_head_size=1
dropout=0.29957305379304133
hidden_continuous_size=13
max_epochs=500
