gradient_clip_val=0.33026476680876865
learning_rate=0.05722770323129771
hidden_size=48
attention_head_size=3
dropout=0.27542818345406284
hidden_continuous_size=18
max_epochs=500
