gradient_clip_val=0.6999126800515106
learning_rate=0.01851853024187578
hidden_size=65
attention_head_size=2
dropout=0.28927658173119963
hidden_continuous_size=13
max_epochs=500
