gradient_clip_val=0.04472427500111874
learning_rate=0.022721786339780746
hidden_size=21
attention_head_size=2
dropout=0.16598227234189783
hidden_continuous_size=12
max_epochs=500
