gradient_clip_val=0.010558242079458319
learning_rate=0.04468471922569877
hidden_size=10
attention_head_size=3
dropout=0.21098895132017698
hidden_continuous_size=9
max_epochs=500
