gradient_clip_val=0.031176061437531873
learning_rate=0.009929212809483999
hidden_size=121
attention_head_size=4
dropout=0.17260534045731832
hidden_continuous_size=102
max_epochs=500
