gradient_clip_val=0.30130727540347757
learning_rate=0.004802251489632432
hidden_size=13
attention_head_size=4
dropout=0.1145889543932913
hidden_continuous_size=8
max_epochs=500
