gradient_clip_val=0.01899422934402247
learning_rate=0.044932326385395786
hidden_size=21
attention_head_size=2
dropout=0.12259554531274577
hidden_continuous_size=10
max_epochs=500
