gradient_clip_val=0.11574663559011747
learning_rate=0.04495778591475687
hidden_size=9
attention_head_size=3
dropout=0.18876422513394425
hidden_continuous_size=8
max_epochs=500
