gradient_clip_val=0.4737096400374023
learning_rate=0.030596251668494306
hidden_size=121
attention_head_size=4
dropout=0.11727825238610692
hidden_continuous_size=121
max_epochs=500
