gradient_clip_val=0.06017579137909349
learning_rate=0.020541478835245465
hidden_size=30
attention_head_size=3
dropout=0.13123069870893336
hidden_continuous_size=12
max_epochs=500
