gradient_clip_val=0.04217249070088288
learning_rate=0.0017595945842154052
hidden_size=20
attention_head_size=4
dropout=0.20875801772030134
hidden_continuous_size=9
max_epochs=500
