gradient_clip_val=0.39841057795086177
learning_rate=0.003952754233462414
hidden_size=10
attention_head_size=3
dropout=0.17024386703136168
hidden_continuous_size=9
max_epochs=500
