gradient_clip_val=0.728431420827475
learning_rate=0.01488435746567576
hidden_size=98
attention_head_size=1
dropout=0.2824087155888698
hidden_continuous_size=17
max_epochs=500
