gradient_clip_val=0.9028866772524318
learning_rate=0.07697256302372464
hidden_size=11
attention_head_size=2
dropout=0.16400126726809855
hidden_continuous_size=8
max_epochs=500
