gradient_clip_val=0.03350023429523763
learning_rate=0.01166149167486592
hidden_size=33
attention_head_size=1
dropout=0.23344425696465823
hidden_continuous_size=9
max_epochs=500
