gradient_clip_val=0.12382276663234117
learning_rate=0.009294145820912604
hidden_size=54
attention_head_size=3
dropout=0.23736084439499242
hidden_continuous_size=32
max_epochs=500
