gradient_clip_val=0.07375562623473511
learning_rate=0.09649424981092938
hidden_size=79
attention_head_size=3
dropout=0.23318741572582732
hidden_continuous_size=52
max_epochs=500
