gradient_clip_val=0.14103323072227544
learning_rate=0.0023863441381475714
hidden_size=84
attention_head_size=1
dropout=0.19314974112812094
hidden_continuous_size=23
max_epochs=500
