gradient_clip_val=0.07172217211068904
learning_rate=0.007757268727077
hidden_size=12
attention_head_size=3
dropout=0.22139585145891835
hidden_continuous_size=8
max_epochs=500
