gradient_clip_val=0.17746322166740308
learning_rate=0.010393991534794977
hidden_size=12
attention_head_size=2
dropout=0.20003592528102115
hidden_continuous_size=11
max_epochs=500
