gradient_clip_val=0.2574211879758556
learning_rate=0.009630129883967666
hidden_size=16
attention_head_size=1
dropout=0.12216111748289674
hidden_continuous_size=8
max_epochs=500
