gradient_clip_val=0.21811448761194155
learning_rate=0.0030379622352062425
hidden_size=10
attention_head_size=1
dropout=0.14379113417312042
hidden_continuous_size=10
max_epochs=500
