gradient_clip_val=0.11539543882186135
learning_rate=0.026628395943596853
hidden_size=15
attention_head_size=1
dropout=0.17956209744338386
hidden_continuous_size=11
max_epochs=500
