gradient_clip_val=0.026564272638109135
learning_rate=0.03916576329602779
hidden_size=22
attention_head_size=3
dropout=0.16507618352055822
hidden_continuous_size=17
max_epochs=500
