gradient_clip_val=0.13863789891467762
learning_rate=0.010005357931668991
hidden_size=21
attention_head_size=3
dropout=0.1047251746456761
hidden_continuous_size=20
max_epochs=500
