gradient_clip_val=0.22779239938047122
learning_rate=0.0030186123943848303
hidden_size=60
attention_head_size=4
dropout=0.2601270260748161
hidden_continuous_size=49
max_epochs=500
