gradient_clip_val=0.013719655744050192
learning_rate=0.0010373750503574503
hidden_size=19
attention_head_size=3
dropout=0.27000084445301
hidden_continuous_size=9
max_epochs=500
