gradient_clip_val=0.6179343388480718
learning_rate=0.047920745357253755
hidden_size=101
attention_head_size=2
dropout=0.11409544482185859
hidden_continuous_size=12
max_epochs=500
