gradient_clip_val=0.010570908663358702
learning_rate=0.0025608653898831716
hidden_size=59
attention_head_size=2
dropout=0.13480608983340422
hidden_continuous_size=30
max_epochs=500
