gradient_clip_val=0.01778420633818018
learning_rate=0.002675074221822058
hidden_size=89
attention_head_size=4
dropout=0.12309462938176496
hidden_continuous_size=84
max_epochs=500
