gradient_clip_val=0.15323840320684262
learning_rate=0.03026597701776283
hidden_size=16
attention_head_size=4
dropout=0.2536576237400704
hidden_continuous_size=14
max_epochs=500
