gradient_clip_val=0.11782327030648312
learning_rate=0.02122298799881873
hidden_size=14
attention_head_size=2
dropout=0.15707403401434447
hidden_continuous_size=8
max_epochs=500
