gradient_clip_val=0.05108182954551685
learning_rate=0.040324149010896454
hidden_size=46
attention_head_size=2
dropout=0.1711070977850228
hidden_continuous_size=45
max_epochs=500
