gradient_clip_val=0.680259338403518
learning_rate=0.07980560194973012
hidden_size=56
attention_head_size=4
dropout=0.20896224965487975
hidden_continuous_size=13
max_epochs=500
