gradient_clip_val=0.2078203602726668
learning_rate=0.0015729277658559655
hidden_size=10
attention_head_size=1
dropout=0.22820831539491773
hidden_continuous_size=8
max_epochs=500
