gradient_clip_val=0.31493674672350963
learning_rate=0.08367054820914069
hidden_size=38
attention_head_size=1
dropout=0.12719831554195357
hidden_continuous_size=10
max_epochs=500
