gradient_clip_val=0.4585058759884074
learning_rate=0.022636350240258934
hidden_size=110
attention_head_size=2
dropout=0.2268786252502393
hidden_continuous_size=102
max_epochs=500
