gradient_clip_val=0.019635048096028108
learning_rate=0.0013199437574210409
hidden_size=11
attention_head_size=2
dropout=0.21441184232969165
hidden_continuous_size=8
max_epochs=500
