gradient_clip_val=0.02127524504111623
learning_rate=0.0016326061475080002
hidden_size=17
attention_head_size=3
dropout=0.18629558234409005
hidden_continuous_size=14
max_epochs=500
