gradient_clip_val=0.3796322659232378
learning_rate=0.023033250261951913
hidden_size=73
attention_head_size=4
dropout=0.16159470561544145
hidden_continuous_size=11
max_epochs=500
