gradient_clip_val=0.03492580826675597
learning_rate=0.06371562422656565
hidden_size=18
attention_head_size=4
dropout=0.14263418439855075
hidden_continuous_size=13
max_epochs=500
