gradient_clip_val=0.42822160831132405
learning_rate=0.005822805268826043
hidden_size=84
attention_head_size=1
dropout=0.1482409846435136
hidden_continuous_size=19
max_epochs=500
