gradient_clip_val=0.6451495853719846
learning_rate=0.03693425893259197
hidden_size=28
attention_head_size=4
dropout=0.25964965552763397
hidden_continuous_size=19
max_epochs=500
