gradient_clip_val=0.06274482442178696
learning_rate=0.033786241207533964
hidden_size=83
attention_head_size=2
dropout=0.27893998540344567
hidden_continuous_size=70
max_epochs=500
