gradient_clip_val=0.7724369001750727
learning_rate=0.00461593038832712
hidden_size=62
attention_head_size=1
dropout=0.19269144502040159
hidden_continuous_size=20
max_epochs=500
