gradient_clip_val=0.6109794534185176
learning_rate=0.0012489581882335315
hidden_size=98
attention_head_size=4
dropout=0.2899487477430043
hidden_continuous_size=25
max_epochs=500
