gradient_clip_val=0.032378830154395875
learning_rate=0.053550907876248735
hidden_size=40
attention_head_size=2
dropout=0.2538292435272135
hidden_continuous_size=10
max_epochs=500
