gradient_clip_val=0.017606020005950945
learning_rate=0.014071852105045031
hidden_size=10
attention_head_size=4
dropout=0.1990614923056899
hidden_continuous_size=10
max_epochs=500
