gradient_clip_val=0.025313086586220484
learning_rate=0.011699587405958398
hidden_size=81
attention_head_size=2
dropout=0.2832324454290679
hidden_continuous_size=19
max_epochs=500
