gradient_clip_val=0.08971120072567507
learning_rate=0.008815416825518322
hidden_size=22
attention_head_size=3
dropout=0.20629704874822694
hidden_continuous_size=18
max_epochs=500
