gradient_clip_val=0.042528414437354195
learning_rate=0.02637834048384452
hidden_size=123
attention_head_size=1
dropout=0.1655040405431335
hidden_continuous_size=15
max_epochs=500
