gradient_clip_val=0.012998766016875014
learning_rate=0.010850845210832759
hidden_size=14
attention_head_size=3
dropout=0.14183633943879012
hidden_continuous_size=9
max_epochs=500
