gradient_clip_val=0.12989321066127055
learning_rate=0.006674453038933136
hidden_size=16
attention_head_size=4
dropout=0.28091885897385427
hidden_continuous_size=10
max_epochs=500
