gradient_clip_val=0.21049531445417338
learning_rate=0.026004147082745458
hidden_size=23
attention_head_size=2
dropout=0.18023671276761272
hidden_continuous_size=10
max_epochs=500
