gradient_clip_val=0.01917964064891058
learning_rate=0.07511805648101377
hidden_size=17
attention_head_size=2
dropout=0.1154027514606255
hidden_continuous_size=10
max_epochs=500
