gradient_clip_val=0.16915290391488239
learning_rate=0.01201325775392396
hidden_size=9
attention_head_size=2
dropout=0.14753927221973404
hidden_continuous_size=9
max_epochs=500
