gradient_clip_val=0.01421370163448449
learning_rate=0.02358886005059176
hidden_size=48
attention_head_size=2
dropout=0.29545665564290163
hidden_continuous_size=8
max_epochs=500
