gradient_clip_val=0.5685470369555724
learning_rate=0.017139206871830737
hidden_size=39
attention_head_size=2
dropout=0.25119275134391544
hidden_continuous_size=10
max_epochs=500
