gradient_clip_val=0.28035969989579784
learning_rate=0.0018162528627882596
hidden_size=122
attention_head_size=4
dropout=0.21933853489048247
hidden_continuous_size=12
max_epochs=500
