gradient_clip_val=0.10438629536777624
learning_rate=0.0018450781481445435
hidden_size=24
attention_head_size=1
dropout=0.23520293476599577
hidden_continuous_size=13
max_epochs=500
