gradient_clip_val=0.05017919091645036
learning_rate=0.007313504184255242
hidden_size=41
attention_head_size=4
dropout=0.2323016453913712
hidden_continuous_size=22
max_epochs=500
