gradient_clip_val=0.646693588415171
learning_rate=0.019918461474625875
hidden_size=37
attention_head_size=2
dropout=0.11466962260065926
hidden_continuous_size=37
max_epochs=500
