gradient_clip_val=0.026770977574057785
learning_rate=0.09645713368216031
hidden_size=101
attention_head_size=2
dropout=0.18021350290475271
hidden_continuous_size=15
max_epochs=500
