gradient_clip_val=0.3169355117538223
learning_rate=0.018112552724510993
hidden_size=9
attention_head_size=3
dropout=0.168552365662995
hidden_continuous_size=8
max_epochs=500
