gradient_clip_val=0.08560517015230852
learning_rate=0.0857564488808403
hidden_size=8
attention_head_size=2
dropout=0.1624639975439637
hidden_continuous_size=8
max_epochs=500
