gradient_clip_val=0.035956625150426386
learning_rate=0.001525577681201266
hidden_size=57
attention_head_size=1
dropout=0.10059927184870553
hidden_continuous_size=48
max_epochs=500
