gradient_clip_val=0.01734779815435831
learning_rate=0.013626323502056401
hidden_size=19
attention_head_size=1
dropout=0.15482581219612573
hidden_continuous_size=12
max_epochs=500
