gradient_clip_val=0.03532060038159803
learning_rate=0.0015364751029356602
hidden_size=36
attention_head_size=2
dropout=0.26963658493829773
hidden_continuous_size=10
max_epochs=500
