gradient_clip_val=0.017825999116847454
learning_rate=0.0018070998688899105
hidden_size=16
attention_head_size=2
dropout=0.18909277509991668
hidden_continuous_size=12
max_epochs=500
