gradient_clip_val=0.28170447801407683
learning_rate=0.06510012118983487
hidden_size=9
attention_head_size=2
dropout=0.1340256608198814
hidden_continuous_size=9
max_epochs=500
