gradient_clip_val=0.4404575981376455
learning_rate=0.06533817230814802
hidden_size=31
attention_head_size=4
dropout=0.19203378788002173
hidden_continuous_size=28
max_epochs=500
