gradient_clip_val=0.3384194118282186
learning_rate=0.07551253225217722
hidden_size=11
attention_head_size=2
dropout=0.14388933821679545
hidden_continuous_size=9
max_epochs=500
