gradient_clip_val=0.19517767665933078
learning_rate=0.009414192758716857
hidden_size=25
attention_head_size=2
dropout=0.27850548502244593
hidden_continuous_size=19
max_epochs=500
