gradient_clip_val=0.31151328452052485
learning_rate=0.0015953881935553964
hidden_size=20
attention_head_size=1
dropout=0.15817055916987943
hidden_continuous_size=11
max_epochs=500
