gradient_clip_val=0.1724335084681336
learning_rate=0.01755829141028232
hidden_size=36
attention_head_size=2
dropout=0.2739456897929199
hidden_continuous_size=14
max_epochs=500
