gradient_clip_val=0.02372930701533446
learning_rate=0.08042124755593437
hidden_size=52
attention_head_size=2
dropout=0.23179884220205355
hidden_continuous_size=12
max_epochs=500
