gradient_clip_val=0.03778938798600945
learning_rate=0.0019690112423785345
hidden_size=113
attention_head_size=1
dropout=0.22715495808769864
hidden_continuous_size=10
max_epochs=500
