gradient_clip_val=0.05891502869625892
learning_rate=0.0031175602952406914
hidden_size=13
attention_head_size=1
dropout=0.13912212933658402
hidden_continuous_size=8
max_epochs=500
