gradient_clip_val=0.5512054296381348
learning_rate=0.043963015093178265
hidden_size=20
attention_head_size=3
dropout=0.221631610629763
hidden_continuous_size=8
max_epochs=500
