gradient_clip_val=0.0779285372500249
learning_rate=0.0012919258181954224
hidden_size=41
attention_head_size=4
dropout=0.19571635973887191
hidden_continuous_size=16
max_epochs=500
