gradient_clip_val=0.026522832039937685
learning_rate=0.07429335621617891
hidden_size=103
attention_head_size=3
dropout=0.17800057157532878
hidden_continuous_size=34
max_epochs=500
