gradient_clip_val=0.36961871429518134
learning_rate=0.007760533494742886
hidden_size=34
attention_head_size=1
dropout=0.1825315076856944
hidden_continuous_size=30
max_epochs=500
