gradient_clip_val=0.01988639113325148
learning_rate=0.0018671698730401128
hidden_size=9
attention_head_size=1
dropout=0.12535202981175686
hidden_continuous_size=9
max_epochs=500
