gradient_clip_val=0.1185943257117872
learning_rate=0.005968005622585257
hidden_size=45
attention_head_size=1
dropout=0.11999598581856036
hidden_continuous_size=38
max_epochs=500
