gradient_clip_val=0.03987308407779396
learning_rate=0.002204248206553223
hidden_size=16
attention_head_size=4
dropout=0.22008572501155466
hidden_continuous_size=9
max_epochs=500
