gradient_clip_val=0.011914805064674197
learning_rate=0.007514014423981218
hidden_size=55
attention_head_size=2
dropout=0.22442860046570418
hidden_continuous_size=14
max_epochs=500
