gradient_clip_val=0.06393545891157983
learning_rate=0.0035096296035164527
hidden_size=56
attention_head_size=3
dropout=0.15541669962443455
hidden_continuous_size=20
max_epochs=500
