gradient_clip_val=0.5798935092193638
learning_rate=0.041616829375105864
hidden_size=10
attention_head_size=4
dropout=0.28042026841290113
hidden_continuous_size=9
max_epochs=500
