gradient_clip_val=0.051945312994886916
learning_rate=0.01069739757220746
hidden_size=8
attention_head_size=2
dropout=0.18819621885113735
hidden_continuous_size=8
max_epochs=500
