gradient_clip_val=0.011895598310399135
learning_rate=0.007511035469496078
hidden_size=81
attention_head_size=4
dropout=0.25681878716935824
hidden_continuous_size=38
max_epochs=500
