gradient_clip_val=0.03930607474874999
learning_rate=0.0015226474074931146
hidden_size=83
attention_head_size=2
dropout=0.2231058445120227
hidden_continuous_size=38
max_epochs=500
