gradient_clip_val=0.08271979396436029
learning_rate=0.0017022047184025398
hidden_size=8
attention_head_size=1
dropout=0.17469533835917023
hidden_continuous_size=8
max_epochs=500
