gradient_clip_val=0.34057047405839086
learning_rate=0.002488913246265145
hidden_size=29
attention_head_size=1
dropout=0.18733363212701143
hidden_continuous_size=20
max_epochs=500
