gradient_clip_val=0.2213648585629448
learning_rate=0.018151314420548768
hidden_size=112
attention_head_size=3
dropout=0.13226445723234165
hidden_continuous_size=41
max_epochs=500
