gradient_clip_val=0.9964086826210892
learning_rate=0.017556543954104373
hidden_size=8
attention_head_size=3
dropout=0.1689710530600885
hidden_continuous_size=8
max_epochs=500
