gradient_clip_val=0.5627051895460125
learning_rate=0.011734642114719016
hidden_size=30
attention_head_size=3
dropout=0.2805185094422481
hidden_continuous_size=15
max_epochs=500
