gradient_clip_val=0.4783738633156277
learning_rate=0.03123951100660198
hidden_size=17
attention_head_size=2
dropout=0.23282146329640044
hidden_continuous_size=9
max_epochs=500
