gradient_clip_val=0.05175144402389566
learning_rate=0.09837804847622621
hidden_size=20
attention_head_size=4
dropout=0.29354271825346356
hidden_continuous_size=10
max_epochs=500
