gradient_clip_val=0.8216351822356557
learning_rate=0.05943372225323179
hidden_size=20
attention_head_size=2
dropout=0.1318380205167549
hidden_continuous_size=10
max_epochs=500
