gradient_clip_val=0.02242274966643001
learning_rate=0.03012760868488081
hidden_size=10
attention_head_size=4
dropout=0.26370302025806847
hidden_continuous_size=8
max_epochs=500
