gradient_clip_val=0.7569022040847052
learning_rate=0.009962942191370935
hidden_size=13
attention_head_size=1
dropout=0.2363012563864167
hidden_continuous_size=9
max_epochs=500
