gradient_clip_val=0.4194479346495869
learning_rate=0.058819684410083964
hidden_size=41
attention_head_size=3
dropout=0.2848864949306007
hidden_continuous_size=9
max_epochs=500
