gradient_clip_val=0.9457035287919744
learning_rate=0.0309171283721492
hidden_size=60
attention_head_size=4
dropout=0.261167097796002
hidden_continuous_size=13
max_epochs=500
