gradient_clip_val=0.11422080919063937
learning_rate=0.0018489863889320285
hidden_size=20
attention_head_size=1
dropout=0.24323949382137755
hidden_continuous_size=18
max_epochs=500
