gradient_clip_val=0.05510600973599736
learning_rate=0.01083796436219831
hidden_size=113
attention_head_size=4
dropout=0.1416200423587428
hidden_continuous_size=37
max_epochs=500
