gradient_clip_val=0.06470160957641564
learning_rate=0.06457646874452207
hidden_size=16
attention_head_size=1
dropout=0.2749725031476593
hidden_continuous_size=10
max_epochs=500
