gradient_clip_val=0.017952576714625967
learning_rate=0.041071885269174505
hidden_size=21
attention_head_size=2
dropout=0.2020563957656861
hidden_continuous_size=17
max_epochs=500
