gradient_clip_val=0.08953155076810633
learning_rate=0.0062430521019353966
hidden_size=44
attention_head_size=2
dropout=0.15911263823457908
hidden_continuous_size=16
max_epochs=500
