gradient_clip_val=0.022746514254231336
learning_rate=0.05316666406698085
hidden_size=20
attention_head_size=3
dropout=0.22141911844056195
hidden_continuous_size=16
max_epochs=500
