gradient_clip_val=0.010196805550490892
learning_rate=0.007810358928693924
hidden_size=43
attention_head_size=4
dropout=0.28147658116343943
hidden_continuous_size=8
max_epochs=500
