gradient_clip_val=0.4068153162532962
learning_rate=0.0012114481286246094
hidden_size=35
attention_head_size=1
dropout=0.12010045308122791
hidden_continuous_size=10
max_epochs=500
