gradient_clip_val=0.026100245685617213
learning_rate=0.013300519707295582
hidden_size=69
attention_head_size=1
dropout=0.18791233782903266
hidden_continuous_size=38
max_epochs=500
