gradient_clip_val=0.15736690321675545
learning_rate=0.0016111326319296147
hidden_size=8
attention_head_size=4
dropout=0.10230958157214967
hidden_continuous_size=8
max_epochs=500
