gradient_clip_val=0.059866964495285745
learning_rate=0.004651379048986922
hidden_size=12
attention_head_size=2
dropout=0.1329216722062741
hidden_continuous_size=8
max_epochs=500
