gradient_clip_val=0.18735480498512563
learning_rate=0.007243670888572518
hidden_size=42
attention_head_size=1
dropout=0.2656583702030668
hidden_continuous_size=12
max_epochs=500
