gradient_clip_val=0.6403491055349391
learning_rate=0.08867625094526756
hidden_size=8
attention_head_size=3
dropout=0.2636074421161767
hidden_continuous_size=8
max_epochs=500
