gradient_clip_val=0.0789632814865521
learning_rate=0.006286476861735344
hidden_size=39
attention_head_size=2
dropout=0.24027448633713658
hidden_continuous_size=10
max_epochs=500
