gradient_clip_val=0.029817281057019012
learning_rate=0.0015120751629096648
hidden_size=66
attention_head_size=3
dropout=0.11998931818556674
hidden_continuous_size=40
max_epochs=500
