gradient_clip_val=0.08023361485262478
learning_rate=0.05606699718400279
hidden_size=83
attention_head_size=3
dropout=0.1789921910544256
hidden_continuous_size=9
max_epochs=500
