gradient_clip_val=0.03746874488599485
learning_rate=0.010062360605542633
hidden_size=57
attention_head_size=1
dropout=0.2638221343360758
hidden_continuous_size=42
max_epochs=500
