gradient_clip_val=0.01250875237836839
learning_rate=0.013378558512509481
hidden_size=10
attention_head_size=2
dropout=0.13108767718601794
hidden_continuous_size=10
max_epochs=500
