gradient_clip_val=0.013006919900158695
learning_rate=0.0012052349700234664
hidden_size=16
attention_head_size=4
dropout=0.23466043462331795
hidden_continuous_size=10
max_epochs=500
