gradient_clip_val=0.010708769602342
learning_rate=0.014930632530571503
hidden_size=10
attention_head_size=2
dropout=0.11931017500103897
hidden_continuous_size=8
max_epochs=500
