gradient_clip_val=0.44237804399003544
learning_rate=0.0014523094534397445
hidden_size=17
attention_head_size=4
dropout=0.17681048275398054
hidden_continuous_size=9
max_epochs=500
