gradient_clip_val=0.15205542801730274
learning_rate=0.0032480994427637718
hidden_size=41
attention_head_size=2
dropout=0.27873222782492807
hidden_continuous_size=33
max_epochs=500
