gradient_clip_val=0.049230912866414726
learning_rate=0.0016123041962012572
hidden_size=27
attention_head_size=1
dropout=0.14473775500539982
hidden_continuous_size=10
max_epochs=500
