gradient_clip_val=0.19279979316670234
learning_rate=0.006813595981059485
hidden_size=55
attention_head_size=1
dropout=0.1470109037399914
hidden_continuous_size=14
max_epochs=500
