gradient_clip_val=0.036058645692717696
learning_rate=0.04794888541108972
hidden_size=8
attention_head_size=2
dropout=0.21542831317744926
hidden_continuous_size=8
max_epochs=500
