gradient_clip_val=0.03360694818806965
learning_rate=0.005756880692818519
hidden_size=106
attention_head_size=2
dropout=0.27498127572262054
hidden_continuous_size=30
max_epochs=500
