gradient_clip_val=0.602127063470484
learning_rate=0.002996154186767343
hidden_size=9
attention_head_size=3
dropout=0.15709085370816997
hidden_continuous_size=8
max_epochs=500
