gradient_clip_val=0.036287544810544005
learning_rate=0.034993656535654304
hidden_size=23
attention_head_size=4
dropout=0.23515104053211563
hidden_continuous_size=19
max_epochs=500
