gradient_clip_val=0.07750769871626173
learning_rate=0.015010525960631576
hidden_size=90
attention_head_size=4
dropout=0.2959442064963995
hidden_continuous_size=29
max_epochs=500
