gradient_clip_val=0.04664044722731259
learning_rate=0.07261154766659306
hidden_size=19
attention_head_size=4
dropout=0.16723734085343456
hidden_continuous_size=16
max_epochs=500
