gradient_clip_val=0.06791321634015046
learning_rate=0.09309817629957053
hidden_size=30
attention_head_size=4
dropout=0.2097530901355613
hidden_continuous_size=17
max_epochs=500
