gradient_clip_val=0.9758285913760457
learning_rate=0.089092018150704
hidden_size=57
attention_head_size=3
dropout=0.16531163868473542
hidden_continuous_size=42
max_epochs=500
