gradient_clip_val=0.023427760684861992
learning_rate=0.001269007934888438
hidden_size=29
attention_head_size=4
dropout=0.2917095368149753
hidden_continuous_size=14
max_epochs=500
