gradient_clip_val=0.05727100534773448
learning_rate=0.0013282987731719628
hidden_size=8
attention_head_size=2
dropout=0.26465941905363843
hidden_continuous_size=8
max_epochs=500
