gradient_clip_val=0.0104502782414917
learning_rate=0.002441442540209349
hidden_size=12
attention_head_size=2
dropout=0.20013150559168258
hidden_continuous_size=10
max_epochs=500
