gradient_clip_val=0.34959757506878003
learning_rate=0.010149964374905843
hidden_size=13
attention_head_size=4
dropout=0.22729420517407375
hidden_continuous_size=9
max_epochs=500
