gradient_clip_val=0.07409396781031809
learning_rate=0.0019264804706452048
hidden_size=101
attention_head_size=3
dropout=0.22441652297493103
hidden_continuous_size=50
max_epochs=500
