gradient_clip_val=0.09115883692086739
learning_rate=0.0022279756882221478
hidden_size=21
attention_head_size=3
dropout=0.10425975123357939
hidden_continuous_size=9
max_epochs=500
