gradient_clip_val=0.6109207816105791
learning_rate=0.0011402848226353573
hidden_size=11
attention_head_size=2
dropout=0.2131657301251469
hidden_continuous_size=8
max_epochs=500
