gradient_clip_val=0.1060953513200545
learning_rate=0.043593110879816925
hidden_size=46
attention_head_size=2
dropout=0.15439388885356473
hidden_continuous_size=12
max_epochs=500
