gradient_clip_val=0.23283321547938582
learning_rate=0.08860605842332295
hidden_size=61
attention_head_size=3
dropout=0.25719963510795474
hidden_continuous_size=12
max_epochs=500
