gradient_clip_val=0.01771104637679419
learning_rate=0.001715478280851817
hidden_size=109
attention_head_size=1
dropout=0.19978686928111788
hidden_continuous_size=104
max_epochs=500
