gradient_clip_val=0.2770095719717372
learning_rate=0.0018079717220159095
hidden_size=79
attention_head_size=4
dropout=0.11736041395136546
hidden_continuous_size=24
max_epochs=500
