gradient_clip_val=0.34121829342970084
learning_rate=0.02101518012132173
hidden_size=10
attention_head_size=3
dropout=0.193205411895719
hidden_continuous_size=8
max_epochs=500
