gradient_clip_val=0.05153058020650972
learning_rate=0.01680794123596198
hidden_size=103
attention_head_size=3
dropout=0.12722915154988385
hidden_continuous_size=8
max_epochs=500
