gradient_clip_val=0.44699623840579955
learning_rate=0.004377849983167963
hidden_size=111
attention_head_size=4
dropout=0.10827996905631626
hidden_continuous_size=26
max_epochs=500
