gradient_clip_val=0.013637078286438184
learning_rate=0.004320048625968079
hidden_size=12
attention_head_size=1
dropout=0.14180332411446542
hidden_continuous_size=9
max_epochs=500
