gradient_clip_val=0.18849232142834965
learning_rate=0.0011469091196701182
hidden_size=9
attention_head_size=3
dropout=0.1437066098568095
hidden_continuous_size=9
max_epochs=500
