gradient_clip_val=0.3422410720990619
learning_rate=0.047880334116517535
hidden_size=67
attention_head_size=4
dropout=0.21964167653917416
hidden_continuous_size=29
max_epochs=500
