gradient_clip_val=0.1241957865635296
learning_rate=0.0028621067755440397
hidden_size=15
attention_head_size=4
dropout=0.2722326555712964
hidden_continuous_size=12
max_epochs=500
