gradient_clip_val=0.6911169554392372
learning_rate=0.0089352085489821
hidden_size=9
attention_head_size=4
dropout=0.14097190076187166
hidden_continuous_size=9
max_epochs=500
