gradient_clip_val=0.0985614187926584
learning_rate=0.013819628377778477
hidden_size=26
attention_head_size=1
dropout=0.25295248615313226
hidden_continuous_size=22
max_epochs=500
