gradient_clip_val=0.03406719367980023
learning_rate=0.00960328495592005
hidden_size=16
attention_head_size=1
dropout=0.2930026668287238
hidden_continuous_size=12
max_epochs=500
