gradient_clip_val=0.01670059368758857
learning_rate=0.004885312156270936
hidden_size=61
attention_head_size=1
dropout=0.14857695279810595
hidden_continuous_size=22
max_epochs=500
