gradient_clip_val=0.06729402181506096
learning_rate=0.001260538205803392
hidden_size=15
attention_head_size=4
dropout=0.23929395430417036
hidden_continuous_size=8
max_epochs=500
