gradient_clip_val=0.012255471967337507
learning_rate=0.0047599253427785156
hidden_size=9
attention_head_size=3
dropout=0.29074947445089994
hidden_continuous_size=9
max_epochs=500
