gradient_clip_val=0.046559559127361226
learning_rate=0.001108812337874863
hidden_size=84
attention_head_size=3
dropout=0.28722671459555393
hidden_continuous_size=43
max_epochs=500
