gradient_clip_val=0.01134669305155324
learning_rate=0.024840574004341264
hidden_size=110
attention_head_size=2
dropout=0.10658942373284058
hidden_continuous_size=19
max_epochs=500
