gradient_clip_val=0.5049312558111984
learning_rate=0.031282394999535196
hidden_size=21
attention_head_size=1
dropout=0.2759155861422817
hidden_continuous_size=11
max_epochs=500
