gradient_clip_val=0.6745887504098724
learning_rate=0.0010225051494611938
hidden_size=33
attention_head_size=2
dropout=0.1993684765157855
hidden_continuous_size=22
max_epochs=500
