gradient_clip_val=0.8613665350952772
learning_rate=0.0021590919225706797
hidden_size=51
attention_head_size=4
dropout=0.2309652802240321
hidden_continuous_size=11
max_epochs=500
