gradient_clip_val=0.1293842031446484
learning_rate=0.003584414119627854
hidden_size=69
attention_head_size=4
dropout=0.2774760162047597
hidden_continuous_size=47
max_epochs=500
