gradient_clip_val=0.5989838723760212
learning_rate=0.06792872830399745
hidden_size=115
attention_head_size=2
dropout=0.16913150164868276
hidden_continuous_size=13
max_epochs=500
