gradient_clip_val=0.07458545148508088
learning_rate=0.001782612513864837
hidden_size=109
attention_head_size=1
dropout=0.26447124748124007
hidden_continuous_size=12
max_epochs=500
