gradient_clip_val=0.017125611775305333
learning_rate=0.002929386005768556
hidden_size=44
attention_head_size=4
dropout=0.2772902830412142
hidden_continuous_size=37
max_epochs=500
