gradient_clip_val=0.026904517850465524
learning_rate=0.001038939381089261
hidden_size=8
attention_head_size=3
dropout=0.16989871204224505
hidden_continuous_size=8
max_epochs=500
