gradient_clip_val=0.09075269120600304
learning_rate=0.00586272448212685
hidden_size=69
attention_head_size=2
dropout=0.17698009770592477
hidden_continuous_size=65
max_epochs=500
