gradient_clip_val=0.010523342701713477
learning_rate=0.003958882351293479
hidden_size=15
attention_head_size=3
dropout=0.13505636294625006
hidden_continuous_size=12
max_epochs=500
