gradient_clip_val=0.24297136368554384
learning_rate=0.01467437532569895
hidden_size=25
attention_head_size=2
dropout=0.1392146365324015
hidden_continuous_size=22
max_epochs=500
