gradient_clip_val=0.2700223698736942
learning_rate=0.05885890758096438
hidden_size=37
attention_head_size=3
dropout=0.12451928165877482
hidden_continuous_size=10
max_epochs=500
