gradient_clip_val=0.0551060043142713
learning_rate=0.0018260069302812726
hidden_size=24
attention_head_size=2
dropout=0.1673872632216174
hidden_continuous_size=11
max_epochs=500
