gradient_clip_val=0.28151202768054956
learning_rate=0.0018443092838603666
hidden_size=10
attention_head_size=1
dropout=0.18482223264341052
hidden_continuous_size=10
max_epochs=500
