gradient_clip_val=0.10255010218117816
learning_rate=0.04174357638106762
hidden_size=111
attention_head_size=1
dropout=0.2529995682299832
hidden_continuous_size=9
max_epochs=500
