gradient_clip_val=0.16376296106338917
learning_rate=0.002754332928996915
hidden_size=56
attention_head_size=4
dropout=0.25265314979381126
hidden_continuous_size=41
max_epochs=500
