gradient_clip_val=0.015871535335068618
learning_rate=0.002310134349594809
hidden_size=48
attention_head_size=3
dropout=0.2383174394444161
hidden_continuous_size=36
max_epochs=500
