gradient_clip_val=0.6020962207096054
learning_rate=0.04198998501950486
hidden_size=84
attention_head_size=1
dropout=0.2790900961948797
hidden_continuous_size=15
max_epochs=500
