gradient_clip_val=0.7617566958416535
learning_rate=0.0016751457646789454
hidden_size=89
attention_head_size=1
dropout=0.13177971249485385
hidden_continuous_size=18
max_epochs=500
