gradient_clip_val=0.037032389249901036
learning_rate=0.032257342430588684
hidden_size=52
attention_head_size=4
dropout=0.15527666451438027
hidden_continuous_size=32
max_epochs=500
