gradient_clip_val=0.01763906500893471
learning_rate=0.07491617495716978
hidden_size=10
attention_head_size=3
dropout=0.11646279102411111
hidden_continuous_size=9
max_epochs=500
