gradient_clip_val=0.05439518806703542
learning_rate=0.006600871312845743
hidden_size=95
attention_head_size=4
dropout=0.10887460646769227
hidden_continuous_size=72
max_epochs=500
