gradient_clip_val=0.6906221742353176
learning_rate=0.0655666559466674
hidden_size=62
attention_head_size=3
dropout=0.23924222485197721
hidden_continuous_size=50
max_epochs=500
