gradient_clip_val=0.04730674860925076
learning_rate=0.002113037505232256
hidden_size=14
attention_head_size=1
dropout=0.25345797036639695
hidden_continuous_size=12
max_epochs=500
