gradient_clip_val=0.18416395527660473
learning_rate=0.003925632847779362
hidden_size=94
attention_head_size=3
dropout=0.15098591481610735
hidden_continuous_size=11
max_epochs=500
