gradient_clip_val=0.017294756421224924
learning_rate=0.007657948141520445
hidden_size=24
attention_head_size=1
dropout=0.131494059867055
hidden_continuous_size=24
max_epochs=500
