gradient_clip_val=0.11963185525768935
learning_rate=0.005446641411023068
hidden_size=13
attention_head_size=4
dropout=0.29926709860655276
hidden_continuous_size=8
max_epochs=500
