gradient_clip_val=0.02634639387013702
learning_rate=0.05326322758234728
hidden_size=56
attention_head_size=1
dropout=0.2912892165935882
hidden_continuous_size=46
max_epochs=500
