gradient_clip_val=0.09710283104225743
learning_rate=0.05769837034933128
hidden_size=29
attention_head_size=3
dropout=0.13787814896413092
hidden_continuous_size=16
max_epochs=500
