gradient_clip_val=0.07670650069934129
learning_rate=0.01742521595232759
hidden_size=31
attention_head_size=2
dropout=0.11942539920918982
hidden_continuous_size=9
max_epochs=500
