gradient_clip_val=0.08976091564304622
learning_rate=0.042454088772952814
hidden_size=13
attention_head_size=3
dropout=0.25725409477328676
hidden_continuous_size=13
max_epochs=500
