gradient_clip_val=0.285356849334558
learning_rate=0.06095062492929391
hidden_size=11
attention_head_size=2
dropout=0.19578130037197455
hidden_continuous_size=9
max_epochs=500
