gradient_clip_val=0.8333765989925531
learning_rate=0.00415354840520306
hidden_size=116
attention_head_size=1
dropout=0.16599454963050592
hidden_continuous_size=13
max_epochs=500
