gradient_clip_val=0.2744248610140963
learning_rate=0.05531010444726668
hidden_size=12
attention_head_size=4
dropout=0.16431323691557523
hidden_continuous_size=8
max_epochs=500
