gradient_clip_val=0.042211254854015764
learning_rate=0.05258385474340052
hidden_size=55
attention_head_size=1
dropout=0.1774314809868977
hidden_continuous_size=14
max_epochs=500
