gradient_clip_val=0.07570719346727658
learning_rate=0.07714087321170073
hidden_size=33
attention_head_size=2
dropout=0.26124365665818083
hidden_continuous_size=22
max_epochs=500
