gradient_clip_val=0.040441236531971646
learning_rate=0.08877909173591789
hidden_size=58
attention_head_size=2
dropout=0.19088911227299907
hidden_continuous_size=25
max_epochs=500
