gradient_clip_val=0.0787380167475559
learning_rate=0.003527526874412531
hidden_size=10
attention_head_size=2
dropout=0.21921430090706684
hidden_continuous_size=8
max_epochs=500
