gradient_clip_val=0.11948871319459448
learning_rate=0.03627247844834772
hidden_size=27
attention_head_size=1
dropout=0.19587950952516003
hidden_continuous_size=15
max_epochs=500
