gradient_clip_val=0.2931690633923976
learning_rate=0.0056916755831528205
hidden_size=48
attention_head_size=2
dropout=0.134754327080836
hidden_continuous_size=11
max_epochs=500
