gradient_clip_val=0.014358282644052886
learning_rate=0.008016474688896321
hidden_size=61
attention_head_size=1
dropout=0.242022507480993
hidden_continuous_size=49
max_epochs=500
