gradient_clip_val=0.01866550422862373
learning_rate=0.04299931966272413
hidden_size=59
attention_head_size=1
dropout=0.26476929721187464
hidden_continuous_size=12
max_epochs=500
