gradient_clip_val=0.06361513711791023
learning_rate=0.0014442016805848621
hidden_size=43
attention_head_size=2
dropout=0.21461840448651912
hidden_continuous_size=9
max_epochs=500
