gradient_clip_val=0.9448391992131201
learning_rate=0.016348746936275364
hidden_size=20
attention_head_size=3
dropout=0.2689355208576252
hidden_continuous_size=16
max_epochs=500
