gradient_clip_val=0.08669867053673867
learning_rate=0.016091427377805202
hidden_size=13
attention_head_size=1
dropout=0.16145503381863927
hidden_continuous_size=8
max_epochs=500
