gradient_clip_val=0.1473061589400869
learning_rate=0.005381638819947174
hidden_size=54
attention_head_size=2
dropout=0.23225666899358666
hidden_continuous_size=15
max_epochs=500
