gradient_clip_val=0.21620171978730549
learning_rate=0.041360632214073705
hidden_size=28
attention_head_size=3
dropout=0.28697485922279353
hidden_continuous_size=9
max_epochs=500
