gradient_clip_val=0.36376687263489993
learning_rate=0.017829874145582566
hidden_size=37
attention_head_size=4
dropout=0.27268718196290787
hidden_continuous_size=16
max_epochs=500
