gradient_clip_val=0.5040542462311101
learning_rate=0.005977502104934156
hidden_size=21
attention_head_size=3
dropout=0.20131431990491563
hidden_continuous_size=13
max_epochs=500
