gradient_clip_val=0.07610335224335428
learning_rate=0.004005371852481989
hidden_size=43
attention_head_size=2
dropout=0.23095011585857864
hidden_continuous_size=27
max_epochs=500
