gradient_clip_val=0.597392757008994
learning_rate=0.017119930676959227
hidden_size=16
attention_head_size=4
dropout=0.29904239505110725
hidden_continuous_size=9
max_epochs=500
