gradient_clip_val=0.05729077673356906
learning_rate=0.08919461119659673
hidden_size=13
attention_head_size=4
dropout=0.14318083638281837
hidden_continuous_size=9
max_epochs=500
