gradient_clip_val=0.04176427901667897
learning_rate=0.026452985462866712
hidden_size=13
attention_head_size=3
dropout=0.2739362109381013
hidden_continuous_size=11
max_epochs=500
