gradient_clip_val=0.08800135002272677
learning_rate=0.010008901188716723
hidden_size=96
attention_head_size=2
dropout=0.24424260166711786
hidden_continuous_size=16
max_epochs=500
