gradient_clip_val=0.14170634025548776
learning_rate=0.04732365756876061
hidden_size=16
attention_head_size=1
dropout=0.15922955325431198
hidden_continuous_size=13
max_epochs=500
