gradient_clip_val=0.03281002210700251
learning_rate=0.012250457241917385
hidden_size=65
attention_head_size=3
dropout=0.26890125010511057
hidden_continuous_size=20
max_epochs=500
