gradient_clip_val=0.052200780058589864
learning_rate=0.0038306006546982747
hidden_size=57
attention_head_size=2
dropout=0.26651013446233485
hidden_continuous_size=13
max_epochs=500
