gradient_clip_val=0.21791425842496795
learning_rate=0.0012584479010948303
hidden_size=27
attention_head_size=3
dropout=0.10105338162947625
hidden_continuous_size=8
max_epochs=500
