gradient_clip_val=0.15126061284296494
learning_rate=0.014570065345197605
hidden_size=40
attention_head_size=3
dropout=0.2697823276174264
hidden_continuous_size=27
max_epochs=500
