gradient_clip_val=0.2383252281482697
learning_rate=0.08303935821162733
hidden_size=34
attention_head_size=2
dropout=0.27817665042515327
hidden_continuous_size=10
max_epochs=500
