gradient_clip_val=0.19383180655192028
learning_rate=0.007485057213373805
hidden_size=15
attention_head_size=4
dropout=0.22291741502889703
hidden_continuous_size=14
max_epochs=500
