gradient_clip_val=0.47908889233702495
learning_rate=0.04163226050825367
hidden_size=11
attention_head_size=2
dropout=0.2714321548150692
hidden_continuous_size=10
max_epochs=500
