gradient_clip_val=0.04218784050456254
learning_rate=0.01564481954871065
hidden_size=54
attention_head_size=3
dropout=0.19315442139293548
hidden_continuous_size=13
max_epochs=500
