gradient_clip_val=0.026762592122083314
learning_rate=0.05245655023280156
hidden_size=89
attention_head_size=1
dropout=0.24165562903569768
hidden_continuous_size=15
max_epochs=500
