gradient_clip_val=0.034203325470285734
learning_rate=0.03618282141043621
hidden_size=26
attention_head_size=2
dropout=0.2134611803682682
hidden_continuous_size=23
max_epochs=500
