gradient_clip_val=0.10966318737501682
learning_rate=0.028230011574944484
hidden_size=61
attention_head_size=3
dropout=0.2872872819853241
hidden_continuous_size=20
max_epochs=500
