gradient_clip_val=0.05002847090582852
learning_rate=0.0030204491542850207
hidden_size=9
attention_head_size=4
dropout=0.2448942974239418
hidden_continuous_size=8
max_epochs=500
