gradient_clip_val=0.797284708804295
learning_rate=0.010939386193285737
hidden_size=114
attention_head_size=4
dropout=0.24175335785505175
hidden_continuous_size=71
max_epochs=500
