gradient_clip_val=0.0793591510333154
learning_rate=0.006255763832315579
hidden_size=63
attention_head_size=1
dropout=0.17200324983654666
hidden_continuous_size=24
max_epochs=500
