gradient_clip_val=0.03615786073113174
learning_rate=0.07907083007752438
hidden_size=23
attention_head_size=2
dropout=0.19720094471281144
hidden_continuous_size=14
max_epochs=500
