gradient_clip_val=0.09679253232067268
learning_rate=0.03341931599378948
hidden_size=29
attention_head_size=1
dropout=0.11432902142117506
hidden_continuous_size=24
max_epochs=500
