gradient_clip_val=0.09238034949750981
learning_rate=0.008910750145694101
hidden_size=9
attention_head_size=4
dropout=0.10481873817744217
hidden_continuous_size=9
max_epochs=500
