gradient_clip_val=0.016594923978686393
learning_rate=0.0026207586402045287
hidden_size=29
attention_head_size=4
dropout=0.24170808354491946
hidden_continuous_size=15
max_epochs=500
