gradient_clip_val=0.9568816317310169
learning_rate=0.0050969008295421335
hidden_size=62
attention_head_size=1
dropout=0.2429816856160714
hidden_continuous_size=11
max_epochs=500
