gradient_clip_val=0.43555322487890613
learning_rate=0.06184925405788278
hidden_size=28
attention_head_size=4
dropout=0.10510799838323788
hidden_continuous_size=13
max_epochs=500
