gradient_clip_val=0.08986088442579475
learning_rate=0.08617202595424105
hidden_size=97
attention_head_size=3
dropout=0.1855861998827254
hidden_continuous_size=11
max_epochs=500
