gradient_clip_val=0.08943619417058982
learning_rate=0.0032631555228085024
hidden_size=36
attention_head_size=1
dropout=0.11429838622716759
hidden_continuous_size=17
max_epochs=500
