gradient_clip_val=0.9844835971155415
learning_rate=0.0146871930892839
hidden_size=15
attention_head_size=3
dropout=0.1606467634652147
hidden_continuous_size=15
max_epochs=500
