gradient_clip_val=0.26602798785580056
learning_rate=0.0015115957737231482
hidden_size=98
attention_head_size=2
dropout=0.20335586975767114
hidden_continuous_size=12
max_epochs=500
