gradient_clip_val=0.1244370270251573
learning_rate=0.04357020739299592
hidden_size=9
attention_head_size=2
dropout=0.16851050095836476
hidden_continuous_size=8
max_epochs=500
