gradient_clip_val=0.5160364224662424
learning_rate=0.009776397085551993
hidden_size=16
attention_head_size=2
dropout=0.12902356272919652
hidden_continuous_size=9
max_epochs=500
