gradient_clip_val=0.3550041964930432
learning_rate=0.010081641270782527
hidden_size=95
attention_head_size=3
dropout=0.2906696005968906
hidden_continuous_size=73
max_epochs=500
