gradient_clip_val=0.2403320344122372
learning_rate=0.08577046803969694
hidden_size=42
attention_head_size=2
dropout=0.18205056638221345
hidden_continuous_size=25
max_epochs=500
