gradient_clip_val=0.05806984640221291
learning_rate=0.05207622493510335
hidden_size=26
attention_head_size=4
dropout=0.23216579079207897
hidden_continuous_size=24
max_epochs=500
