gradient_clip_val=0.8486876115262336
learning_rate=0.014591786495765752
hidden_size=20
attention_head_size=2
dropout=0.20991632634600627
hidden_continuous_size=10
max_epochs=500
