gradient_clip_val=0.019116731674669603
learning_rate=0.003211937537138111
hidden_size=10
attention_head_size=3
dropout=0.1420816769447091
hidden_continuous_size=8
max_epochs=500
