gradient_clip_val=0.9301915089920139
learning_rate=0.0499930842068032
hidden_size=52
attention_head_size=3
dropout=0.29170513910213525
hidden_continuous_size=9
max_epochs=500
