gradient_clip_val=0.44333300785273255
learning_rate=0.020904017192923088
hidden_size=60
attention_head_size=1
dropout=0.22488513324916548
hidden_continuous_size=59
max_epochs=500
