gradient_clip_val=0.03887853401824305
learning_rate=0.001597453217541874
hidden_size=38
attention_head_size=2
dropout=0.1526904168559305
hidden_continuous_size=14
max_epochs=500
