gradient_clip_val=0.12548123593724725
learning_rate=0.006277348913869385
hidden_size=22
attention_head_size=1
dropout=0.28768222528666276
hidden_continuous_size=12
max_epochs=500
