gradient_clip_val=0.044381570221167434
learning_rate=0.0011799394571656678
hidden_size=103
attention_head_size=2
dropout=0.29997119716348575
hidden_continuous_size=58
max_epochs=500
