gradient_clip_val=0.1474087264383708
learning_rate=0.012571580365637795
hidden_size=10
attention_head_size=2
dropout=0.17610768126567605
hidden_continuous_size=8
max_epochs=500
