gradient_clip_val=0.48420507150788156
learning_rate=0.008687668074532936
hidden_size=37
attention_head_size=3
dropout=0.26385477106831745
hidden_continuous_size=22
max_epochs=500
