gradient_clip_val=0.01090724993448869
learning_rate=0.0017294859189291448
hidden_size=23
attention_head_size=1
dropout=0.27259571539715877
hidden_continuous_size=11
max_epochs=500
