gradient_clip_val=0.5348763572971967
learning_rate=0.0029021421442438733
hidden_size=113
attention_head_size=2
dropout=0.20689206444061764
hidden_continuous_size=34
max_epochs=500
