gradient_clip_val=0.017126472294120915
learning_rate=0.01877299364725429
hidden_size=33
attention_head_size=3
dropout=0.17171296367873487
hidden_continuous_size=28
max_epochs=500
