gradient_clip_val=0.04969740365715679
learning_rate=0.002178229868072866
hidden_size=9
attention_head_size=2
dropout=0.20706329839838078
hidden_continuous_size=9
max_epochs=500
