gradient_clip_val=0.03032801017174542
learning_rate=0.00230913354715319
hidden_size=17
attention_head_size=4
dropout=0.25994671415073317
hidden_continuous_size=8
max_epochs=500
