gradient_clip_val=0.013126971802508294
learning_rate=0.004927059056781264
hidden_size=43
attention_head_size=2
dropout=0.19622904318242668
hidden_continuous_size=9
max_epochs=500
