gradient_clip_val=0.031717706614293725
learning_rate=0.04721872106584519
hidden_size=11
attention_head_size=3
dropout=0.21784852771626578
hidden_continuous_size=11
max_epochs=500
