gradient_clip_val=0.12140613721612378
learning_rate=0.0014003715606653957
hidden_size=8
attention_head_size=1
dropout=0.26763745807384676
hidden_continuous_size=8
max_epochs=500
