gradient_clip_val=0.7880283955334771
learning_rate=0.05444172227161679
hidden_size=41
attention_head_size=3
dropout=0.2725616911492149
hidden_continuous_size=9
max_epochs=500
