gradient_clip_val=0.05139956682619686
learning_rate=0.06316283475419374
hidden_size=68
attention_head_size=2
dropout=0.13105715940100846
hidden_continuous_size=11
max_epochs=500
