gradient_clip_val=0.4322480403148961
learning_rate=0.004606032955977324
hidden_size=18
attention_head_size=3
dropout=0.24393267218856066
hidden_continuous_size=12
max_epochs=500
