gradient_clip_val=0.7632962518687662
learning_rate=0.0037244831022594763
hidden_size=17
attention_head_size=3
dropout=0.21133982578617483
hidden_continuous_size=16
max_epochs=500
