gradient_clip_val=0.12772704468430268
learning_rate=0.07365754282456102
hidden_size=32
attention_head_size=3
dropout=0.15807688982052523
hidden_continuous_size=20
max_epochs=500
