gradient_clip_val=0.03703538530452508
learning_rate=0.0020111483191659232
hidden_size=14
attention_head_size=2
dropout=0.16175129610190198
hidden_continuous_size=14
max_epochs=500
