gradient_clip_val=0.036578342490428316
learning_rate=0.015824273153900472
hidden_size=38
attention_head_size=2
dropout=0.24782913245612992
hidden_continuous_size=10
max_epochs=500
