gradient_clip_val=0.01324033815813862
learning_rate=0.0028374734512776507
hidden_size=65
attention_head_size=4
dropout=0.12379198626499117
hidden_continuous_size=9
max_epochs=500
