gradient_clip_val=0.09273292870876917
learning_rate=0.0015047691074243643
hidden_size=37
attention_head_size=4
dropout=0.1394348201613383
hidden_continuous_size=16
max_epochs=500
