gradient_clip_val=0.21973546658273016
learning_rate=0.003950759225515243
hidden_size=90
attention_head_size=1
dropout=0.27042598138040297
hidden_continuous_size=66
max_epochs=500
