gradient_clip_val=0.011993705700069458
learning_rate=0.06450123342178697
hidden_size=62
attention_head_size=3
dropout=0.2615083273491433
hidden_continuous_size=36
max_epochs=500
