gradient_clip_val=0.07137443397066245
learning_rate=0.05611230957884685
hidden_size=21
attention_head_size=3
dropout=0.22510817873486844
hidden_continuous_size=14
max_epochs=500
