gradient_clip_val=0.20792393900606634
learning_rate=0.018129797237812606
hidden_size=28
attention_head_size=2
dropout=0.2078109386441206
hidden_continuous_size=12
max_epochs=500
