gradient_clip_val=0.011658019411148841
learning_rate=0.005747392448335756
hidden_size=19
attention_head_size=3
dropout=0.1616547134997992
hidden_continuous_size=16
max_epochs=500
