gradient_clip_val=0.1806373932196812
learning_rate=0.027003144142393597
hidden_size=17
attention_head_size=4
dropout=0.2535702617194435
hidden_continuous_size=13
max_epochs=500
