gradient_clip_val=0.01682675001991353
learning_rate=0.04996374206453803
hidden_size=45
attention_head_size=2
dropout=0.23966557068018937
hidden_continuous_size=18
max_epochs=500
