gradient_clip_val=0.2951134025913855
learning_rate=0.010551470348756005
hidden_size=123
attention_head_size=1
dropout=0.2591728551375201
hidden_continuous_size=99
max_epochs=500
