gradient_clip_val=0.05953046204323304
learning_rate=0.009505544511808314
hidden_size=12
attention_head_size=3
dropout=0.24893345436819303
hidden_continuous_size=9
max_epochs=500
