month_date_yyyymm,cbsa_code,cbsa_title,householdrank,median_listing_price,median_listing_price_mm,median_listing_price_yy,active_listing_count,active_listing_count_mm,active_listing_count_yy,median_days_on_market,median_days_on_market_mm,median_days_on_market_yy,new_listing_count,new_listing_count_mm,new_listing_count_yy,price_increased_count,price_increased_count_mm,price_increased_count_yy,price_reduced_count,price_reduced_count_mm,price_reduced_count_yy,pending_listing_count,pending_listing_count_mm,pending_listing_count_yy,median_listing_price_per_square_foot,median_listing_price_per_square_foot_mm,median_listing_price_per_square_foot_yy,median_square_feet,median_square_feet_mm,median_square_feet_yy,average_listing_price,average_listing_price_mm,average_listing_price_yy,total_listing_count,total_listing_count_mm,total_listing_count_yy,pending_ratio,pending_ratio_mm,pending_ratio_yy,quality_flag,county_name,thirty_year_interest_rate,thirty_year_interest_rate_two,thirty_year_interest_rate_three,thirty_year_interest_rate_four,thirty_year_interest_rate_five,thirty_year_interest_rate_six,thirty_year_interest_rate_seven,date
202307,48700,"Williamsport, PA",344.0,225000.0,-0.0421,-0.0996,120.0,0.0619,-0.0476,38.0,0.034,0.1515,80.0,-0.1304,-0.2,0.0,,,52.0,0.3,0.0,28.0,-0.1642,-0.2821,126.0,-0.0235,-0.0357,1739.0,-0.0331,-0.059,304694.0,0.0875,-0.0027,147.0,0.0173,-0.1037,0.2333,-0.0631,-0.0762,0.0,"Williamsport, PA",6.96,6.57,6.43,6.73,6.5,6.48,6.49,2023-07-01
202306,48700,"Williamsport, PA",344.0,234900.0,-0.0468,0.0536,113.0,0.1414,0.032,37.0,0.2049,0.5638,92.0,0.15,-0.2581,0.0,,,40.0,0.25,-0.2593,34.0,0.1356,-0.1299,129.0,0.0055,0.0322,1799.0,-0.004,0.0144,280179.0,0.031,-0.0625,145.0,0.1115,-0.0236,0.2965,-0.0015,-0.0551,0.0,"Williamsport, PA",6.79,6.43,6.73,6.5,6.48,6.49,7.08,2023-06-01
202305,48700,"Williamsport, PA",344.0,246425.0,0.1078,0.2605,99.0,0.0879,0.2,31.0,-0.0469,0.1731,80.0,-0.0476,-0.1837,0.0,,,32.0,0.3333,0.1429,30.0,0.2292,-0.0328,129.0,0.039,0.0645,1806.0,0.0199,0.0805,271767.0,-0.0522,-0.076,130.0,0.1304,0.1504,0.298,0.0342,-0.0717,0.0,"Williamsport, PA",6.57,6.73,6.5,6.48,6.49,7.08,7.08,2023-05-01
202304,48700,"Williamsport, PA",344.0,222450.0,0.057,0.1931,91.0,0.046,0.3188,32.0,-0.5259,0.3061,84.0,0.3125,-0.125,0.0,,,24.0,-0.2,-0.25,24.0,-0.0588,0.4118,124.0,0.0356,0.1522,1771.0,0.0276,0.0464,286738.0,0.0695,0.1476,115.0,0.0314,0.3372,0.2637,-0.0294,0.0174,0.0,"Williamsport, PA",6.43,6.5,6.48,6.49,7.08,7.08,6.7,2023-04-01
202303,48700,"Williamsport, PA",344.0,210450.0,0.0526,0.1713,87.0,-0.0745,0.3282,68.0,-0.1892,2.0,64.0,0.28,-0.2558,0.0,,,30.0,0.25,0.875,26.0,0.1333,-0.1639,120.0,0.0298,0.1606,1723.0,0.0268,0.0233,268112.0,0.0735,0.1112,112.0,-0.0429,0.1554,0.2931,0.0537,-0.1725,1.0,"Williamsport, PA",6.73,6.48,6.49,7.08,7.08,6.7,5.55,2023-03-01
202302,48700,"Williamsport, PA",344.0,199925.0,0.0001,0.1221,94.0,-0.2263,0.5932,83.0,0.0,0.6818,50.0,0.1364,-0.0385,0.0,,,24.0,-0.5385,1.4,23.0,0.2857,-0.3284,116.0,-0.0041,0.0713,1678.0,0.0207,-0.0039,249764.0,0.0231,-0.0857,117.0,-0.1527,0.2663,0.2394,0.0953,-0.3284,0.0,"Williamsport, PA",6.5,6.49,7.08,7.08,6.7,5.55,5.54,2023-02-01
202301,48700,"Williamsport, PA",344.0,199900.0,0.0,0.1112,122.0,-0.0122,0.5,83.0,0.271,0.4866,44.0,0.1,-0.2143,0.0,,,52.0,0.625,1.6,18.0,-0.125,-0.4853,117.0,-0.0206,0.0539,1644.0,0.0024,-0.024,244133.0,-0.0503,-0.0507,138.0,-0.0517,0.2061,0.144,-0.0186,-0.2757,0.0,"Williamsport, PA",6.48,7.08,7.08,6.7,5.55,5.54,5.81,2023-01-01
202212,48700,"Williamsport, PA",344.0,199900.0,-0.0511,0.1592,123.0,-0.1368,0.2487,66.0,0.3367,0.1342,40.0,-0.3333,-0.2,0.0,,,32.0,-0.4839,-0.2727,20.0,-0.1304,-0.5455,119.0,0.0041,0.0734,1640.0,-0.0476,-0.0812,257068.0,-0.0113,0.0205,145.0,-0.1239,0.0175,0.1626,0.0012,-0.2841,0.0,"Williamsport, PA",6.49,7.08,6.7,5.55,5.54,5.81,5.3,2022-12-01
202211,48700,"Williamsport, PA",344.0,210675.0,-0.0637,0.24,143.0,0.0106,0.4541,49.0,0.3067,-0.0101,60.0,-0.3182,0.0714,0.0,,,62.0,-0.225,0.7222,23.0,-0.3784,-0.6102,119.0,-0.0052,0.089,1722.0,-0.0126,-0.0182,259999.0,-0.0324,0.0844,166.0,-0.0702,0.0643,0.1614,-0.101,-0.4406,0.0,"Williamsport, PA",7.08,6.7,5.55,5.54,5.81,5.3,5.11,2022-11-01
202210,48700,"Williamsport, PA",344.0,225000.0,-0.0621,0.3243,141.0,0.1653,0.1949,38.0,-0.2105,-0.2647,88.0,0.1892,0.1,0.0,,,80.0,0.6667,0.25,37.0,0.0882,-0.2885,119.0,-0.0502,0.1048,1744.0,-0.0553,-0.0088,268709.0,-0.1233,0.1394,178.0,0.1634,0.0533,0.2624,-0.0186,-0.1783,0.0,"Williamsport, PA",7.08,5.55,5.54,5.81,5.3,5.11,4.67,2022-10-01
202209,48700,"Williamsport, PA",344.0,239900.0,0.0009,0.3558,121.0,-0.0763,-0.1264,48.0,0.3194,0.1243,74.0,-0.1591,-0.1778,0.0,,,48.0,-0.2727,0.0,34.0,0.1333,-0.4188,126.0,-0.0015,0.1798,1846.0,0.0052,0.0565,306492.0,0.0099,0.3356,153.0,-0.0497,-0.2214,0.281,0.052,-0.1414,0.0,"Williamsport, PA",6.7,5.54,5.81,5.3,5.11,4.67,3.92,2022-09-01
202208,48700,"Williamsport, PA",344.0,239675.0,-0.0409,0.3704,131.0,0.0397,0.0116,36.0,0.0909,-0.0069,88.0,-0.12,-0.0638,0.0,,,66.0,0.2692,0.1786,30.0,-0.2308,-0.4872,126.0,-0.0408,0.1804,1837.0,-0.0062,0.049,303477.0,-0.0067,0.3106,161.0,-0.0183,-0.139,0.229,-0.0805,-0.2227,0.0,"Williamsport, PA",5.55,5.81,5.3,5.11,4.67,3.92,3.56,2022-08-01
202207,48700,"Williamsport, PA",344.0,249900.0,0.1209,0.3891,126.0,0.1507,-0.0079,33.0,0.4043,0.32,100.0,-0.1935,-0.1667,0.0,,,52.0,-0.037,-0.1333,39.0,0.013,-0.22,131.0,0.0453,0.2887,1848.0,0.0423,0.0313,305513.0,0.0223,0.324,164.0,0.1081,-0.0989,0.3095,-0.0421,-0.0842,0.0,"Williamsport, PA",5.54,5.3,5.11,4.67,3.92,3.56,3.12,2022-07-01
202206,48700,"Williamsport, PA",344.0,222950.0,0.1404,0.2091,110.0,0.3273,0.1967,24.0,-0.0962,-0.2101,124.0,0.2653,0.1071,0.0,,,54.0,0.9286,0.35,39.0,0.2623,-0.0375,125.0,0.037,0.2198,1773.0,0.0609,0.0473,298859.0,0.0161,0.2316,148.0,0.3097,0.0534,0.3516,-0.0181,-0.0856,0.0,"Williamsport, PA",5.81,5.11,4.67,3.92,3.56,3.12,3.1,2022-06-01
202205,48700,"Williamsport, PA",344.0,195500.0,0.0485,0.0631,83.0,0.1957,-0.0934,26.0,0.0612,-0.4091,98.0,0.0208,-0.0926,0.0,,,28.0,-0.125,0.0,31.0,0.7941,-0.8267,121.0,0.1246,0.172,1671.0,-0.0123,0.0123,294126.0,0.1772,0.1828,113.0,0.314,-0.5784,0.3697,0.1233,-1.5644,1.0,"Williamsport, PA",5.3,4.67,3.92,3.56,3.12,3.1,3.14,2022-05-01
202204,48700,"Williamsport, PA",344.0,186450.0,0.0377,0.0972,69.0,0.0534,-0.3301,25.0,0.0889,-0.4674,96.0,0.1163,-0.1273,0.0,,,32.0,1.0,0.1429,17.0,-0.4426,-0.8938,108.0,0.0432,0.0435,1692.0,0.0049,0.023,249862.0,0.0355,0.0272,86.0,-0.1088,-0.6736,0.2464,-0.2193,-1.307,1.0,"Williamsport, PA",5.11,3.92,3.56,3.12,3.1,3.14,3.01,2022-04-01
202203,48700,"Williamsport, PA",344.0,179675.0,0.0084,0.106,66.0,0.1102,-0.3762,23.0,-0.5455,-0.6629,86.0,0.6538,0.1316,0.0,,,16.0,0.6,-0.2,31.0,-0.0896,-0.755,103.0,-0.0495,0.0174,1684.0,-0.0004,0.0143,241291.0,-0.1167,0.0271,97.0,0.0489,-0.5749,0.4656,-0.1021,-0.7201,1.0,"Williamsport, PA",4.67,3.56,3.12,3.1,3.14,3.01,2.87,2022-03-01
202202,48700,"Williamsport, PA",344.0,178175.0,-0.0096,0.0874,59.0,-0.2716,-0.5391,50.0,-0.1161,-0.453,52.0,-0.0714,-0.1613,0.0,,,10.0,-0.5,-0.7059,34.0,-0.0147,-0.684,108.0,-0.0203,0.0694,1685.0,0.0,0.0063,273179.0,0.0623,0.151,92.0,-0.193,-0.5983,0.5678,0.148,-0.2603,0.0,"Williamsport, PA",3.92,3.12,3.1,3.14,3.01,2.87,2.98,2022-02-01
202201,48700,"Williamsport, PA",344.0,179900.0,0.0432,0.1251,81.0,-0.1777,-0.4414,56.0,-0.0303,-0.44,56.0,0.12,0.1667,0.0,,,20.0,-0.5455,-0.2857,34.0,-0.2273,-0.6421,111.0,-0.0024,0.2077,1685.0,-0.0563,-0.024,257163.0,0.0209,0.1585,114.0,-0.2,-0.5043,0.4198,-0.0269,-0.2354,0.0,"Williamsport, PA",3.56,3.1,3.14,3.01,2.87,2.98,3.02,2022-01-01
202112,48700,"Williamsport, PA",344.0,172450.0,0.015,0.0164,99.0,0.0051,-0.3994,58.0,0.1667,-0.2143,50.0,-0.1071,0.6667,0.0,,,44.0,0.2222,0.2941,44.0,-0.2542,-0.6089,111.0,0.0187,0.1256,1785.0,0.0177,0.0122,251892.0,0.0505,0.0905,143.0,-0.0836,-0.4818,0.4467,-0.1553,-0.2393,0.0,"Williamsport, PA",3.12,3.14,3.01,2.87,2.98,3.02,3.0,2021-12-01
202111,48700,"Williamsport, PA",344.0,169900.0,0.0,-0.0182,98.0,-0.1695,-0.5,50.0,-0.0294,-0.0748,56.0,-0.3,-0.0968,0.0,,,36.0,-0.4375,-0.4857,59.0,0.1346,-0.5203,109.0,0.0093,0.1002,1754.0,-0.0031,-0.0421,239773.0,0.0167,0.0535,156.0,-0.0799,-0.5125,0.602,0.1614,-0.0255,0.0,"Williamsport, PA",3.1,3.01,2.87,2.98,3.02,3.0,3.18,2021-11-01
202110,48700,"Williamsport, PA",344.0,169900.0,-0.0398,-0.0286,118.0,-0.148,-0.3481,51.0,0.2071,0.0851,80.0,-0.1111,-0.2593,0.0,,,64.0,0.3333,-0.1111,52.0,-0.1111,-0.6709,108.0,0.0142,0.0798,1760.0,0.007,-0.0494,235825.0,0.0276,0.0,169.0,-0.1399,-0.494,0.4407,0.0183,-0.4323,0.0,"Williamsport, PA",3.14,2.87,2.98,3.02,3.0,3.18,3.17,2021-10-01
202109,48700,"Williamsport, PA",344.0,176950.0,0.0117,-0.0098,139.0,0.0695,-0.1829,42.0,0.1655,-0.0963,90.0,-0.0426,-0.0625,0.0,,-1.0,48.0,-0.1429,-0.4146,59.0,0.0,-0.6433,106.0,-0.001,0.0872,1747.0,-0.002,-0.0676,229481.0,-0.009,-0.0707,197.0,0.0508,-0.4036,0.4224,-0.0294,-0.5452,0.0,"Williamsport, PA",3.01,2.98,3.02,3.0,3.18,3.17,2.97,2021-09-01
202108,48700,"Williamsport, PA",344.0,174900.0,-0.0278,0.0213,130.0,0.0197,-0.26,36.0,0.45,-0.275,94.0,-0.2167,-0.0208,0.0,,,56.0,-0.0667,-0.2632,59.0,0.17,-0.6321,107.0,0.0473,0.0692,1751.0,-0.023,-0.0402,231559.0,0.0035,-0.0179,187.0,0.0275,-0.435,0.4517,0.058,-0.4568,0.0,"Williamsport, PA",2.87,3.02,3.0,3.18,3.17,2.97,2.79,2021-08-01
202107,48700,"Williamsport, PA",344.0,179900.0,-0.0244,0.1179,127.0,0.388,-0.3022,25.0,-0.1597,-0.4845,120.0,0.0714,0.1765,0.0,,,60.0,0.5,-0.1176,50.0,0.25,-0.734,102.0,-0.0106,0.0137,1792.0,0.0585,0.0369,230755.0,-0.0491,0.0432,182.0,0.2954,-0.5054,0.3937,-0.0435,-0.6393,0.0,"Williamsport, PA",2.98,3.0,3.18,3.17,2.97,2.79,2.71,2021-07-01
202106,48700,"Williamsport, PA",344.0,184400.0,0.0027,0.2895,92.0,0.0055,-0.4816,30.0,-0.3239,-0.3866,112.0,0.037,0.037,0.0,,-1.0,40.0,0.4286,-0.3333,40.0,-0.7727,-0.7949,103.0,-0.0036,0.0483,1693.0,0.0254,0.0123,242666.0,-0.0241,0.156,141.0,-0.4757,-0.6177,0.4372,-1.4969,-0.6677,0.0,"Williamsport, PA",3.02,3.18,3.17,2.97,2.79,2.71,2.84,2021-06-01
202105,48700,"Williamsport, PA",344.0,183900.0,0.0822,0.1868,91.0,-0.1165,-0.545,44.0,-0.0435,-0.4824,108.0,-0.0182,-0.2059,0.0,,,28.0,0.0,0.4,176.0,0.1,0.3333,103.0,0.0013,0.0545,1651.0,-0.0018,-0.0379,248667.0,0.0223,0.1756,268.0,0.0171,-0.1879,1.9341,0.3807,1.2741,0.0,"Williamsport, PA",3.0,3.17,2.97,2.79,2.71,2.84,2.88,2021-05-01
202104,48700,"Williamsport, PA",344.0,169925.0,0.046,0.0489,103.0,-0.019,-0.5264,46.0,-0.3109,-0.549,110.0,0.4474,3.2308,0.0,,,28.0,0.4,1.3333,160.0,0.2851,0.4222,103.0,0.0171,0.0414,1654.0,-0.0036,-0.0471,243252.0,0.0355,0.1869,264.0,0.1608,-0.1701,1.5534,0.3677,1.0362,1.0,"Williamsport, PA",3.18,2.97,2.79,2.71,2.84,2.88,2.93,2021-04-01
202103,48700,"Williamsport, PA",344.0,162450.0,-0.0085,0.0236,105.0,-0.1797,-0.5714,67.0,-0.2624,-0.2124,76.0,0.2258,-0.1163,0.0,,,20.0,-0.4118,-0.6667,125.0,0.1745,-0.0349,101.0,-0.001,0.033,1660.0,-0.0084,-0.0449,234918.0,-0.0102,0.1375,227.0,-0.0087,-0.3789,1.1857,0.3576,0.6592,0.0,"Williamsport, PA",3.17,2.79,2.71,2.84,2.88,2.93,2.99,2021-03-01
202102,48700,"Williamsport, PA",344.0,163849.0,0.0247,0.0286,128.0,-0.1172,-0.49,91.0,-0.095,-0.0163,62.0,0.2917,-0.1842,0.0,,,34.0,0.2143,-0.5,106.0,0.1158,0.0192,101.0,0.1064,0.055,1674.0,-0.0301,-0.0365,237344.0,0.0692,0.1363,229.0,-0.0043,-0.3457,0.8281,0.173,0.4138,0.0,"Williamsport, PA",2.97,2.71,2.84,2.88,2.93,2.99,3.07,2021-02-01
202101,48700,"Williamsport, PA",344.0,159900.0,-0.0576,0.0492,145.0,-0.1159,-0.428,100.0,0.3605,0.1765,48.0,0.6,-0.1111,0.0,,,28.0,-0.1765,-0.4167,95.0,-0.1556,0.1656,92.0,-0.0703,-0.0215,1726.0,-0.0213,-0.0035,221986.0,-0.039,0.0799,230.0,-0.1636,-0.3072,0.6552,-0.0308,0.3337,0.0,"Williamsport, PA",2.79,2.84,2.88,2.93,2.99,3.07,3.21,2021-01-01
202012,48700,"Williamsport, PA",344.0,169675.0,-0.0195,0.1315,164.0,-0.1633,-0.4286,74.0,0.3738,-0.0101,30.0,-0.5161,-0.4444,0.0,,,34.0,-0.5143,-0.4333,113.0,-0.0854,0.2857,99.0,-0.0043,0.0784,1764.0,-0.0369,0.0182,230982.0,0.0149,0.125,275.0,-0.1379,-0.2547,0.686,0.0584,0.3811,0.0,"Williamsport, PA",2.71,2.88,2.93,2.99,3.07,3.21,3.28,2020-12-01
202011,48700,"Williamsport, PA",344.0,173051.0,-0.0106,0.1385,196.0,0.0829,-0.3969,54.0,0.1383,-0.1894,62.0,-0.4259,-0.4038,0.0,,,70.0,-0.0278,-0.2391,123.0,-0.2215,0.1081,99.0,-0.0094,0.0582,1831.0,-0.0108,0.0627,227589.0,-0.035,0.114,319.0,-0.0449,-0.2599,0.6276,-0.2454,0.286,0.0,"Williamsport, PA",2.84,2.93,2.99,3.07,3.21,3.28,3.33,2020-11-01
202010,48700,"Williamsport, PA",344.0,174900.0,-0.0213,0.108,181.0,0.0678,-0.4523,47.0,0.0053,-0.2779,108.0,0.125,0.102,0.0,-1.0,-1.0,72.0,-0.122,-0.4194,158.0,-0.0366,0.2951,100.0,0.0212,0.0377,1851.0,-0.0123,0.0557,235834.0,-0.045,0.0572,334.0,0.0137,-0.2536,0.8729,-0.0946,0.5038,0.0,"Williamsport, PA",2.88,2.99,3.07,3.21,3.28,3.33,3.65,2020-10-01
202009,48700,"Williamsport, PA",344.0,178700.0,0.0435,0.141,170.0,-0.0314,-0.5029,47.0,-0.065,-0.2877,96.0,0.0,-0.0204,2.0,,-0.5,82.0,0.0789,-0.3594,164.0,0.0314,0.2615,98.0,-0.0176,0.0251,1874.0,0.0274,0.0607,246948.0,0.0473,0.0543,330.0,-0.0045,-0.2944,0.9676,0.059,0.5863,0.0,"Williamsport, PA",2.93,3.07,3.21,3.28,3.33,3.65,3.49,2020-09-01
202008,48700,"Williamsport, PA",344.0,171250.0,0.0642,0.0835,175.0,-0.0385,-0.4853,50.0,0.0309,-0.2476,96.0,-0.0588,0.1429,0.0,,,76.0,0.1176,-0.4063,159.0,-0.1543,0.1357,100.0,-0.0071,0.0574,1824.0,0.0554,0.0127,235786.0,0.0659,-0.0163,331.0,-0.1005,-0.3017,0.9086,-0.1244,0.4968,0.0,"Williamsport, PA",2.99,3.21,3.28,3.33,3.65,3.49,3.72,2020-08-01
202007,48700,"Williamsport, PA",344.0,160925.0,0.1253,0.0235,182.0,0.0312,-0.4686,49.0,0.0,-0.2049,102.0,-0.0556,0.02,0.0,-1.0,-1.0,68.0,0.1333,-0.5211,188.0,-0.0359,0.2877,100.0,0.0232,0.0802,1728.0,0.0333,-0.0453,221205.0,0.0538,-0.0806,368.0,0.0014,-0.2365,1.033,-0.0718,0.6067,0.0,"Williamsport, PA",3.07,3.28,3.33,3.65,3.49,3.72,3.74,2020-07-01
202006,48700,"Williamsport, PA",344.0,143000.0,-0.0771,-0.1057,177.0,-0.1175,-0.4635,49.0,-0.4294,-0.1339,108.0,-0.2059,0.0,4.0,,,60.0,2.0,-0.5455,195.0,0.4773,0.3448,98.0,0.0023,0.0123,1673.0,-0.0253,-0.0667,209918.0,-0.0076,-0.1318,368.0,0.1136,-0.2097,1.1048,0.4448,0.6641,1.0,"Williamsport, PA",3.21,3.33,3.65,3.49,3.72,3.74,3.75,2020-06-01
202005,48700,"Williamsport, PA",344.0,154950.0,-0.0435,-0.0343,200.0,-0.0805,-0.297,85.0,-0.1667,0.4655,136.0,4.2308,-0.0811,0.0,,,20.0,0.6667,-0.7959,132.0,0.1733,-0.0294,98.0,-0.0112,0.0142,1716.0,-0.0114,-0.0376,211525.0,0.0321,-0.1387,330.0,0.0394,-0.2077,0.66,0.1428,0.182,0.0,"Williamsport, PA",3.28,3.65,3.49,3.72,3.74,3.75,3.78,2020-05-01
202004,48700,"Williamsport, PA",344.0,162000.0,0.0208,0.0458,218.0,-0.1122,-0.1884,102.0,0.2035,0.5111,26.0,-0.6977,-0.7903,0.0,,,12.0,-0.8,-0.8286,113.0,-0.1279,-0.1346,99.0,0.0089,0.0492,1736.0,-0.0013,0.0003,204954.0,-0.0076,-0.1139,318.0,-0.1313,-0.188,0.5172,-0.0093,0.0322,1.0,"Williamsport, PA",3.33,3.49,3.72,3.74,3.75,3.78,3.73,2020-04-01
202003,48700,"Williamsport, PA",344.0,158700.0,-0.0038,0.0115,245.0,-0.0239,-0.0392,85.0,-0.0788,0.0728,86.0,0.1316,-0.0227,0.0,,-1.0,60.0,-0.1176,0.1538,129.0,0.2404,0.1026,98.0,0.0203,0.017,1738.0,0.0003,0.0213,206519.0,-0.0113,-0.1464,366.0,0.0443,0.0014,0.5265,0.1122,0.0677,0.0,"Williamsport, PA",3.65,3.72,3.74,3.75,3.78,3.73,3.75,2020-03-01
202002,48700,"Williamsport, PA",344.0,159300.0,0.0453,0.0038,251.0,-0.0099,0.0203,92.0,0.0824,0.0698,76.0,0.4074,0.2667,0.0,,-1.0,68.0,0.4167,0.4783,104.0,0.2761,0.0612,96.0,0.0262,-0.0131,1738.0,0.0032,0.0266,208870.0,0.0161,-0.1577,350.0,0.0542,0.0401,0.4143,0.0928,0.016,0.0,"Williamsport, PA",3.49,3.74,3.75,3.78,3.73,3.75,3.81,2020-02-01
202001,48700,"Williamsport, PA",344.0,152400.0,0.0163,-0.047,254.0,-0.1167,-0.0663,85.0,0.1448,0.0059,54.0,0.0,-0.2059,0.0,,-1.0,48.0,-0.2,-0.04,82.0,-0.0686,0.1643,94.0,0.0246,-0.0186,1732.0,0.0,-0.006,205558.0,0.0012,-0.1591,332.0,-0.1003,-0.0134,0.3215,0.0166,0.0637,0.0,"Williamsport, PA",3.72,3.75,3.78,3.73,3.75,3.81,3.84,2020-01-01
201912,48700,"Williamsport, PA",344.0,149950.0,-0.0135,-0.0628,287.0,-0.1169,-0.0035,74.0,0.125,-0.0419,54.0,-0.4808,-0.25,0.0,,,60.0,-0.3478,0.0,88.0,-0.2117,0.0294,91.0,-0.0229,-0.016,1732.0,0.0052,-0.0335,205312.0,0.005,-0.1628,369.0,-0.1439,0.0027,0.3049,-0.0367,0.0097,0.0,"Williamsport, PA",3.74,3.78,3.73,3.75,3.81,3.84,4.14,2019-12-01
201911,48700,"Williamsport, PA",344.0,152000.0,-0.0371,-0.0584,325.0,-0.0166,0.0924,66.0,0.014,-0.1592,104.0,0.0612,0.5294,0.0,-1.0,,92.0,-0.2581,-0.0213,111.0,-0.0902,0.023,94.0,-0.0286,0.0401,1723.0,-0.0173,-0.0406,204298.0,-0.0841,-0.0565,431.0,-0.0369,0.0708,0.3415,-0.0276,-0.0232,0.0,"Williamsport, PA",3.75,3.73,3.75,3.81,3.84,4.14,4.2,2019-11-01
201910,48700,"Williamsport, PA",344.0,157859.0,0.008,-0.0367,331.0,-0.0308,0.0426,65.0,-0.0083,-0.1491,98.0,0.0,-0.0392,2.0,-0.5,,124.0,-0.0313,0.0333,122.0,-0.0615,0.0083,96.0,0.0088,0.0692,1753.0,-0.0076,-0.0277,223064.0,-0.0477,0.0404,448.0,-0.0418,0.0323,0.3691,-0.0121,-0.0126,0.0,"Williamsport, PA",3.78,3.75,3.81,3.84,4.14,4.2,4.41,2019-10-01
201909,48700,"Williamsport, PA",344.0,156614.0,-0.0091,-0.0744,341.0,0.0029,0.0059,66.0,-0.0123,-0.082,98.0,0.1667,-0.02,4.0,,0.0,128.0,0.0,0.1034,130.0,-0.0714,0.1304,95.0,0.0134,0.0356,1767.0,-0.0191,-0.0274,234231.0,-0.0228,0.0712,467.0,-0.0148,0.0286,0.3812,-0.0305,0.042,0.0,"Williamsport, PA",3.73,3.81,3.84,4.14,4.2,4.41,4.41,2019-09-01
201908,48700,"Williamsport, PA",344.0,158045.0,0.0052,-0.0968,340.0,-0.0073,0.0,66.0,0.0894,-0.0506,84.0,-0.16,-0.1765,0.0,-1.0,,128.0,-0.0986,-0.1233,140.0,-0.0411,0.157,94.0,0.0144,-0.0068,1801.0,-0.0051,-0.0238,239698.0,-0.0037,0.0653,474.0,-0.0166,0.0227,0.4118,-0.0145,0.0559,0.0,"Williamsport, PA",3.75,3.84,4.14,4.2,4.41,4.41,4.51,2019-08-01
201907,48700,"Williamsport, PA",344.0,157225.0,-0.0167,-0.0971,343.0,0.041,0.0347,61.0,0.0893,-0.0615,100.0,-0.0741,-0.0196,2.0,,,142.0,0.0758,0.1639,146.0,0.0069,0.2116,93.0,-0.0412,0.0147,1810.0,0.0102,-0.0034,240594.0,-0.005,0.1002,482.0,0.0366,0.0735,0.4263,-0.0145,0.0622,0.0,"Williamsport, PA",3.81,4.14,4.2,4.41,4.41,4.51,4.75,2019-07-01
201906,48700,"Williamsport, PA",344.0,159900.0,-0.0034,-0.0589,329.0,0.1564,0.0154,56.0,-0.0345,-0.0345,108.0,-0.2703,-0.129,0.0,,,132.0,0.3469,0.375,145.0,0.0662,0.0662,97.0,0.0041,0.0528,1792.0,0.005,-0.0006,241794.0,-0.0154,0.1242,465.0,0.1164,0.0242,0.4407,-0.0373,0.021,0.0,"Williamsport, PA",3.84,4.2,4.41,4.41,4.51,4.75,4.94,2019-06-01
201905,48700,"Williamsport, PA",344.0,160450.0,0.0358,-0.0545,285.0,0.0616,-0.0323,58.0,-0.1407,-0.0252,148.0,0.1935,0.3214,0.0,,,98.0,0.4,-0.1404,136.0,0.0462,-0.0037,96.0,0.023,0.0628,1783.0,0.0275,0.0039,245587.0,0.0618,0.1633,417.0,0.0652,-0.0269,0.478,-0.007,0.0137,0.0,"Williamsport, PA",4.14,4.41,4.41,4.51,4.75,4.94,4.9,2019-05-01
201904,48700,"Williamsport, PA",344.0,154900.0,-0.0127,-0.0663,268.0,0.051,-0.0775,68.0,-0.1456,0.1345,124.0,0.4091,-0.0882,0.0,-1.0,,70.0,0.3462,-0.3269,130.0,0.1111,0.0442,94.0,-0.022,0.0092,1735.0,0.0197,0.0001,231289.0,-0.0441,0.0944,391.0,0.0712,-0.0487,0.4851,0.0263,0.0565,0.0,"Williamsport, PA",4.2,4.41,4.51,4.75,4.94,4.9,4.72,2019-04-01
201903,48700,"Williamsport, PA",344.0,156900.0,-0.0113,-0.0188,255.0,0.0366,-0.0989,79.0,-0.0814,-0.1173,88.0,0.4667,-0.1852,4.0,1.0,,52.0,0.1304,-0.3158,117.0,0.1939,0.2316,96.0,-0.0099,0.065,1702.0,0.0054,-0.006,241951.0,-0.0243,0.2335,365.0,0.0847,-0.0267,0.4588,0.0604,0.1231,0.0,"Williamsport, PA",4.41,4.51,4.75,4.94,4.9,4.72,4.6,2019-03-01
201902,48700,"Williamsport, PA",344.0,158700.0,-0.0077,0.0095,246.0,-0.0939,-0.1292,86.0,0.0178,-0.1464,60.0,-0.1176,-0.2857,2.0,0.0,,46.0,-0.08,0.0,98.0,0.4,0.3611,97.0,0.0205,0.0911,1693.0,-0.0287,-0.0146,247987.0,0.0145,0.2663,337.0,0.0,-0.0534,0.3984,0.1405,0.1435,0.0,"Williamsport, PA",4.41,4.75,4.94,4.9,4.72,4.6,4.54,2019-02-01
201901,48700,"Williamsport, PA",344.0,159924.0,-0.0005,-0.0183,272.0,-0.0573,-0.0874,85.0,0.0903,-0.1421,68.0,-0.0556,0.0,2.0,,,50.0,-0.1667,-0.1379,70.0,-0.1765,0.0606,95.0,0.0274,0.0932,1743.0,-0.0276,0.0084,244451.0,-0.0032,0.2342,337.0,-0.0856,-0.0692,0.2578,-0.0373,0.036,0.0,"Williamsport, PA",4.51,4.94,4.9,4.72,4.6,4.54,4.62,2019-01-01
201812,48700,"Williamsport, PA",344.0,160000.0,-0.0088,-0.0303,288.0,-0.0319,-0.1111,78.0,-0.0127,-0.0882,72.0,0.0588,0.3846,0.0,,,60.0,-0.3617,0.1538,85.0,-0.2166,0.1486,93.0,0.0327,0.056,1792.0,-0.0022,0.0346,245234.0,0.1326,0.2378,368.0,-0.0857,-0.0707,0.2951,-0.0696,0.0667,0.0,"Williamsport, PA",4.75,4.9,4.72,4.6,4.54,4.62,4.66,2018-12-01
201811,48700,"Williamsport, PA",344.0,161425.0,-0.015,-0.0499,298.0,-0.0615,-0.1655,79.0,0.0261,0.0329,68.0,-0.3333,-0.15,0.0,,,94.0,-0.2167,-0.06,109.0,-0.1033,0.3072,90.0,-0.0014,-0.0113,1796.0,-0.004,0.0104,216532.0,0.0099,0.0621,403.0,-0.0715,-0.0768,0.3647,-0.017,0.1319,0.0,"Williamsport, PA",4.94,4.72,4.6,4.54,4.62,4.66,4.58,2018-11-01
201810,48700,"Williamsport, PA",344.0,163875.0,-0.0315,-0.063,317.0,-0.0649,-0.183,77.0,0.0699,0.1333,102.0,0.02,0.2439,0.0,-1.0,,120.0,0.0345,0.0526,121.0,0.0522,0.1524,90.0,-0.0229,-0.0439,1803.0,-0.0073,0.0171,214409.0,-0.0195,0.0014,434.0,-0.0452,-0.1126,0.3817,0.0425,0.1111,0.0,"Williamsport, PA",4.9,4.6,4.54,4.62,4.66,4.58,4.46,2018-10-01
201809,48700,"Williamsport, PA",344.0,169200.0,-0.033,-0.0381,339.0,-0.0029,-0.1352,72.0,0.0214,-0.0205,100.0,-0.0196,-0.0741,4.0,,,116.0,-0.2055,0.0357,115.0,-0.0496,0.1165,92.0,-0.0281,-0.0495,1817.0,-0.0154,-0.0008,218662.0,-0.0282,-0.0014,454.0,-0.0205,-0.0791,0.3392,-0.0166,0.0765,0.0,"Williamsport, PA",4.72,4.54,4.62,4.66,4.58,4.46,4.4,2018-09-01
201808,48700,"Williamsport, PA",344.0,174975.0,0.0049,0.0143,340.0,0.0272,-0.1237,70.0,0.0769,-0.0378,102.0,0.0,-0.0377,0.0,,,146.0,0.1967,0.46,121.0,0.0041,0.0386,95.0,0.0363,-0.0106,1845.0,0.0157,0.0501,225003.0,0.0289,0.0449,464.0,0.0323,-0.0794,0.3559,-0.0082,0.0556,0.0,"Williamsport, PA",4.6,4.62,4.66,4.58,4.46,4.4,4.15,2018-08-01
201807,48700,"Williamsport, PA",344.0,174125.0,0.0249,0.0303,331.0,0.0216,-0.1946,65.0,0.1207,-0.0441,102.0,-0.1774,-0.0893,0.0,,-1.0,122.0,0.2708,-0.0161,121.0,-0.114,0.057,92.0,-0.0052,-0.0401,1817.0,0.0131,0.0321,218690.0,0.0168,0.0272,449.0,-0.011,-0.1365,0.364,-0.0557,0.0867,0.0,"Williamsport, PA",4.54,4.66,4.58,4.46,4.4,4.15,3.99,2018-07-01
201806,48700,"Williamsport, PA",344.0,169900.0,0.0012,0.0319,324.0,0.102,-0.192,58.0,-0.0252,-0.0938,124.0,0.1071,-0.0159,0.0,,,96.0,-0.1579,-0.1273,136.0,-0.0037,0.0543,92.0,0.0137,-0.0331,1793.0,0.0096,0.0228,215081.0,0.0188,0.0098,454.0,0.0607,-0.1361,0.4198,-0.0445,0.0981,0.0,"Williamsport, PA",4.62,4.58,4.46,4.4,4.15,3.99,3.95,2018-06-01
201805,48700,"Williamsport, PA",344.0,169700.0,0.0229,-0.0124,294.0,0.012,-0.2022,60.0,0.0,-0.0042,112.0,-0.1765,-0.125,0.0,,,114.0,0.0962,0.14,137.0,0.0964,0.0187,91.0,-0.0286,-0.0458,1776.0,0.0236,-0.01,211107.0,-0.0011,-0.0435,428.0,0.0414,-0.1466,0.4643,0.0357,0.1006,0.0,"Williamsport, PA",4.66,4.46,4.4,4.15,3.99,3.95,3.94,2018-05-01
201804,48700,"Williamsport, PA",344.0,165900.0,0.0375,-0.0235,291.0,0.0265,-0.1997,60.0,-0.3352,-0.1959,136.0,0.2593,0.0625,0.0,,,104.0,0.3684,0.5294,125.0,0.3105,0.3681,93.0,0.032,0.004,1735.0,0.0134,-0.0519,211336.0,0.0775,-0.0908,411.0,0.096,-0.0947,0.4286,0.0929,0.1779,0.0,"Williamsport, PA",4.58,4.4,4.15,3.99,3.95,3.94,3.83,2018-04-01
201803,48700,"Williamsport, PA",344.0,159900.0,0.0172,-0.0187,283.0,0.0018,-0.2017,90.0,-0.1117,-0.0479,108.0,0.2857,0.0385,0.0,,,76.0,0.6522,0.027,95.0,0.3194,0.1243,91.0,0.0143,-0.0212,1712.0,-0.0032,-0.0557,196143.0,0.0016,-0.1369,375.0,0.0549,-0.1516,0.3357,0.0808,0.0973,0.0,"Williamsport, PA",4.46,4.15,3.99,3.95,3.94,3.83,3.93,2018-03-01
201802,48700,"Williamsport, PA",344.0,157200.0,-0.035,-0.0207,283.0,-0.0504,-0.2042,101.0,0.0228,-0.0799,84.0,0.2353,0.1667,0.0,,,46.0,-0.2069,-0.2333,72.0,0.0909,0.0141,89.0,0.0225,-0.0247,1718.0,-0.0061,-0.043,195838.0,-0.0112,-0.1245,356.0,-0.0166,-0.1625,0.2549,0.033,0.0549,0.0,"Williamsport, PA",4.4,3.99,3.95,3.94,3.83,3.93,4.03,2018-02-01
201801,48700,"Williamsport, PA",344.0,162900.0,-0.0127,0.0479,298.0,-0.0818,-0.2253,99.0,0.1588,-0.0708,68.0,0.3077,-0.1053,0.0,,,58.0,0.1154,-0.0333,66.0,-0.1081,-0.0149,87.0,-0.0075,-0.0494,1728.0,-0.0023,-0.0226,198057.0,-0.0003,-0.0817,362.0,-0.0871,-0.1858,0.2218,-0.0065,0.0474,0.0,"Williamsport, PA",4.15,3.95,3.94,3.83,3.93,4.03,3.94,2018-01-01
201712,48700,"Williamsport, PA",344.0,165000.0,-0.0288,0.0384,324.0,-0.0912,-0.202,85.0,0.1184,-0.1584,52.0,-0.35,0.0,0.0,,,52.0,-0.48,0.0,74.0,-0.1084,-0.075,88.0,-0.0331,-0.051,1732.0,-0.0256,-0.004,198123.0,-0.0282,-0.0958,396.0,-0.0917,-0.1801,0.2284,-0.0044,0.0314,0.0,"Williamsport, PA",3.99,3.94,3.83,3.93,4.03,3.94,4.05,2017-12-01
201711,48700,"Williamsport, PA",344.0,169900.0,-0.0286,0.0632,357.0,-0.0812,-0.1934,76.0,0.1259,-0.1388,80.0,-0.0244,0.0526,0.0,,,100.0,-0.1228,0.0,83.0,-0.2095,-0.1531,91.0,-0.0344,-0.0039,1778.0,0.0025,0.0102,203877.0,-0.0478,-0.0553,436.0,-0.1075,-0.1903,0.2328,-0.0378,0.0111,0.0,"Williamsport, PA",3.95,3.83,3.93,4.03,3.94,4.05,4.1,2017-11-01
201710,48700,"Williamsport, PA",344.0,174900.0,-0.0057,0.0867,388.0,-0.0102,-0.1832,68.0,-0.0753,-0.1563,82.0,-0.2407,-0.2407,0.0,,,114.0,0.0179,0.1875,105.0,0.0194,-0.087,94.0,-0.0286,0.0317,1773.0,-0.0248,-0.0073,214102.0,-0.0222,0.0001,489.0,-0.0091,-0.1706,0.2706,0.0079,0.0285,0.0,"Williamsport, PA",3.94,3.93,4.03,3.94,4.05,4.1,4.3,2017-10-01
201709,48700,"Williamsport, PA",344.0,175900.0,0.0196,0.0475,392.0,0.0103,-0.2016,73.0,0.0034,-0.0489,108.0,0.0189,-0.1148,0.0,,,112.0,0.12,-0.125,103.0,-0.1159,-0.0804,97.0,0.0117,0.0589,1818.0,0.0347,0.0041,218968.0,0.0169,0.006,493.0,-0.0209,-0.1811,0.2628,-0.0375,0.0346,0.0,"Williamsport, PA",3.83,4.03,3.94,4.05,4.1,4.3,4.19,2017-09-01
201708,48700,"Williamsport, PA",344.0,172513.0,0.0208,0.0166,388.0,-0.056,-0.2098,73.0,0.0699,0.0699,106.0,-0.0536,-0.1167,0.0,-1.0,-1.0,100.0,-0.1935,-0.2754,117.0,0.0219,0.0888,96.0,0.0054,0.0446,1757.0,-0.0017,-0.0293,215338.0,0.0115,-0.0147,504.0,-0.0317,-0.1524,0.3003,0.0229,0.0823,0.0,"Williamsport, PA",3.93,3.94,4.05,4.1,4.3,4.19,4.2,2017-08-01
201707,48700,"Williamsport, PA",344.0,169000.0,0.0264,0.012,411.0,0.0249,-0.1161,68.0,0.0625,-0.0423,112.0,-0.1111,-0.125,4.0,,,124.0,0.1273,0.1481,114.0,-0.1163,-0.05,95.0,0.002,0.0441,1760.0,0.004,-0.0148,212897.0,-0.0005,-0.0342,520.0,-0.0105,-0.1081,0.2774,-0.0443,0.0193,0.0,"Williamsport, PA",4.03,4.05,4.1,4.3,4.19,4.2,4.32,2017-07-01
201706,48700,"Williamsport, PA",344.0,164650.0,,,401.0,,,64.0,,,126.0,,,0.0,,,110.0,,,129.0,,,95.0,,,1753.0,,,212999.0,,,526.0,,,0.3217,,,,"Williamsport, PA",3.94,4.1,4.3,4.19,4.2,4.32,4.03,2017-06-01
201705,48700,"Williamsport, PA",344.0,171825.0,,,369.0,,,60.0,,,128.0,,,0.0,,,100.0,,,134.0,,,95.0,,,1794.0,,,220698.0,,,502.0,,,0.3636,,,,"Williamsport, PA",4.05,4.3,4.19,4.2,4.32,4.03,3.52,2017-05-01
201704,48700,"Williamsport, PA",344.0,169900.0,,,363.0,,,74.0,,,128.0,,,0.0,,,68.0,,,91.0,,,93.0,,,1830.0,,,232438.0,,,454.0,,,0.2507,,,,"Williamsport, PA",4.1,4.19,4.2,4.32,4.03,3.52,3.5,2017-04-01
201703,48700,"Williamsport, PA",344.0,162950.0,,,355.0,,,94.0,,,104.0,,,0.0,,,74.0,,,85.0,,,93.0,,,1813.0,,,227258.0,,,442.0,,,0.2384,,,,"Williamsport, PA",4.3,4.2,4.32,4.03,3.52,3.5,3.45,2017-03-01
201702,48700,"Williamsport, PA",344.0,160525.0,,,355.0,,,110.0,,,72.0,,,0.0,,,60.0,,,71.0,,,92.0,,,1795.0,,,223683.0,,,425.0,,,0.2,,,,"Williamsport, PA",4.19,4.32,4.03,3.52,3.5,3.45,3.48,2017-02-01
201701,48700,"Williamsport, PA",344.0,155450.0,,,384.0,,,106.0,,,76.0,,,0.0,,,60.0,,,67.0,,,92.0,,,1768.0,,,215686.0,,,444.0,,,0.1745,,,,"Williamsport, PA",4.2,4.03,3.52,3.5,3.45,3.48,3.66,2017-01-01
201612,48700,"Williamsport, PA",344.0,158900.0,,,406.0,,,101.0,,,52.0,,,0.0,,,52.0,,,80.0,,,93.0,,,1739.0,,,219124.0,,,483.0,,,0.197,,,,"Williamsport, PA",4.32,3.52,3.5,3.45,3.48,3.66,3.64,2016-12-01
201611,48700,"Williamsport, PA",344.0,159800.0,,,442.0,,,88.0,,,76.0,,,0.0,,,100.0,,,98.0,,,91.0,,,1760.0,,,215808.0,,,539.0,,,0.2217,,,,"Williamsport, PA",4.03,3.5,3.45,3.48,3.66,3.64,3.66,2016-11-01
201610,48700,"Williamsport, PA",344.0,160950.0,,,475.0,,,80.0,,,108.0,,,0.0,,,96.0,,,115.0,,,91.0,,,1786.0,,,214085.0,,,589.0,,,0.2421,,,,"Williamsport, PA",3.52,3.45,3.48,3.66,3.64,3.66,3.73,2016-10-01
201609,48700,"Williamsport, PA",344.0,167925.0,,,491.0,,,77.0,,,122.0,,,0.0,,,128.0,,,112.0,,,92.0,,,1811.0,,,217668.0,,,602.0,,,0.2281,,,,"Williamsport, PA",3.5,3.48,3.66,3.64,3.66,3.73,3.72,2016-09-01
201608,48700,"Williamsport, PA",344.0,169700.0,,,491.0,,,68.0,,,120.0,,,2.0,,,138.0,,,107.0,,,92.0,,,1810.0,,,218547.0,,,594.0,,,0.2179,,,,"Williamsport, PA",3.45,3.66,3.64,3.66,3.73,3.72,3.97,2016-08-01
201607,48700,"Williamsport, PA",344.0,167000.0,,,465.0,,,71.0,,,128.0,,,0.0,,,108.0,,,120.0,,,91.0,,,1787.0,,,220441.0,,,583.0,,,0.2581,,,,"Williamsport, PA",3.48,3.64,3.66,3.73,3.72,3.97,4.01,2016-07-01
