gradient_clip_val=0.10575648834854202
learning_rate=0.028303761385026036
hidden_size=55
attention_head_size=2
dropout=0.24036124421751776
hidden_continuous_size=11
max_epochs=500
