gradient_clip_val=0.05506920050939402
learning_rate=0.0880113798567472
hidden_size=33
attention_head_size=1
dropout=0.2522707001611023
hidden_continuous_size=8
max_epochs=500
