gradient_clip_val=0.030842714628013485
learning_rate=0.0049545431889516925
hidden_size=85
attention_head_size=1
dropout=0.179189073495757
hidden_continuous_size=18
max_epochs=500
