gradient_clip_val=0.0566567355036506
learning_rate=0.0019220693748949267
hidden_size=19
attention_head_size=4
dropout=0.1887828900393968
hidden_continuous_size=18
max_epochs=500
