gradient_clip_val=0.05514321479035982
learning_rate=0.0057645838091024875
hidden_size=18
attention_head_size=1
dropout=0.2675808562771922
hidden_continuous_size=11
max_epochs=500
