gradient_clip_val=0.020508401163329883
learning_rate=0.009273392740365625
hidden_size=22
attention_head_size=4
dropout=0.10913460683694931
hidden_continuous_size=14
max_epochs=500
