gradient_clip_val=0.018266949072059415
learning_rate=0.001745594591155879
hidden_size=11
attention_head_size=2
dropout=0.2840078273931921
hidden_continuous_size=10
max_epochs=500
