gradient_clip_val=0.058040984768407904
learning_rate=0.0022823933523265063
hidden_size=88
attention_head_size=4
dropout=0.21238338391015904
hidden_continuous_size=10
max_epochs=500
