gradient_clip_val=0.2828686083904504
learning_rate=0.00526753004320497
hidden_size=9
attention_head_size=3
dropout=0.29580638913649726
hidden_continuous_size=9
max_epochs=500
