gradient_clip_val=0.7333633637648993
learning_rate=0.014953018813675409
hidden_size=15
attention_head_size=1
dropout=0.11145342537145156
hidden_continuous_size=10
max_epochs=500
