gradient_clip_val=0.91784301688813
learning_rate=0.08214793546296412
hidden_size=29
attention_head_size=2
dropout=0.26287176554991865
hidden_continuous_size=23
max_epochs=500
