gradient_clip_val=0.05516400966014046
learning_rate=0.0620368595515158
hidden_size=32
attention_head_size=2
dropout=0.2718882360037529
hidden_continuous_size=19
max_epochs=500
