gradient_clip_val=0.058979654649743266
learning_rate=0.004487316966287053
hidden_size=20
attention_head_size=3
dropout=0.23249207432875696
hidden_continuous_size=11
max_epochs=500
