gradient_clip_val=0.011645108377470478
learning_rate=0.006992379023200854
hidden_size=17
attention_head_size=2
dropout=0.16390793989532731
hidden_continuous_size=8
max_epochs=500
