gradient_clip_val=0.13846458559111474
learning_rate=0.005509159359434023
hidden_size=47
attention_head_size=4
dropout=0.23597835251649238
hidden_continuous_size=25
max_epochs=500
