gradient_clip_val=0.057828183027002565
learning_rate=0.004972576152969491
hidden_size=24
attention_head_size=4
dropout=0.26776869614952203
hidden_continuous_size=8
max_epochs=500
