gradient_clip_val=0.09455466176491482
learning_rate=0.0048072299541027765
hidden_size=8
attention_head_size=4
dropout=0.15809704450351228
hidden_continuous_size=8
max_epochs=500
