gradient_clip_val=0.05633752602308937
learning_rate=0.0074205171892923055
hidden_size=11
attention_head_size=4
dropout=0.25752089631613956
hidden_continuous_size=11
max_epochs=500
