gradient_clip_val=0.1202474151158907
learning_rate=0.007004578512687552
hidden_size=32
attention_head_size=4
dropout=0.18204489390989734
hidden_continuous_size=22
max_epochs=500
