gradient_clip_val=0.4537275218805617
learning_rate=0.0612143122728576
hidden_size=35
attention_head_size=3
dropout=0.24539045136824397
hidden_continuous_size=12
max_epochs=500
