gradient_clip_val=0.011291754941744756
learning_rate=0.0029274828501923175
hidden_size=21
attention_head_size=2
dropout=0.26511350426651215
hidden_continuous_size=10
max_epochs=500
