gradient_clip_val=0.02524864773956869
learning_rate=0.023250020915784382
hidden_size=32
attention_head_size=4
dropout=0.26338555948030007
hidden_continuous_size=21
max_epochs=500
