gradient_clip_val=0.27535662551980483
learning_rate=0.013873371520899106
hidden_size=88
attention_head_size=3
dropout=0.16997896912691124
hidden_continuous_size=28
max_epochs=500
