gradient_clip_val=0.21975666271680377
learning_rate=0.0012322013858148825
hidden_size=53
attention_head_size=3
dropout=0.1433629993661443
hidden_continuous_size=23
max_epochs=500
