gradient_clip_val=0.01320851128504618
learning_rate=0.002435317398918668
hidden_size=107
attention_head_size=1
dropout=0.22497383347620087
hidden_continuous_size=28
max_epochs=500
