gradient_clip_val=0.06532055434763694
learning_rate=0.0015416701680493975
hidden_size=15
attention_head_size=1
dropout=0.11916403136865748
hidden_continuous_size=13
max_epochs=500
