gradient_clip_val=0.12946409107341061
learning_rate=0.0016164657310408954
hidden_size=85
attention_head_size=1
dropout=0.20172527316176822
hidden_continuous_size=20
max_epochs=500
