gradient_clip_val=0.01921620985321118
learning_rate=0.008464299628652128
hidden_size=11
attention_head_size=3
dropout=0.22480581277759254
hidden_continuous_size=10
max_epochs=500
