gradient_clip_val=0.46357487939099556
learning_rate=0.0616414181877932
hidden_size=106
attention_head_size=2
dropout=0.24639380397226018
hidden_continuous_size=25
max_epochs=500
