gradient_clip_val=0.1336517790550691
learning_rate=0.04808195601552292
hidden_size=20
attention_head_size=2
dropout=0.28271586944405036
hidden_continuous_size=20
max_epochs=500
