gradient_clip_val=0.11416482885819866
learning_rate=0.005264085316741277
hidden_size=100
attention_head_size=3
dropout=0.21771505926955415
hidden_continuous_size=49
max_epochs=500
