gradient_clip_val=0.49979882171192686
learning_rate=0.039284000565828446
hidden_size=48
attention_head_size=3
dropout=0.10639879985054823
hidden_continuous_size=18
max_epochs=500
