gradient_clip_val=0.018338528647410087
learning_rate=0.0274384543767186
hidden_size=18
attention_head_size=4
dropout=0.23085131924064742
hidden_continuous_size=10
max_epochs=500
