gradient_clip_val=0.13194255187137668
learning_rate=0.0018343783998219579
hidden_size=105
attention_head_size=1
dropout=0.21162898909752992
hidden_continuous_size=75
max_epochs=500
