gradient_clip_val=0.4025618779204162
learning_rate=0.020603383024278346
hidden_size=19
attention_head_size=2
dropout=0.2587973322826555
hidden_continuous_size=13
max_epochs=500
