gradient_clip_val=0.19208135293554135
learning_rate=0.007925651004641921
hidden_size=31
attention_head_size=1
dropout=0.18417180810160927
hidden_continuous_size=10
max_epochs=500
