gradient_clip_val=0.15125258385901316
learning_rate=0.04304063698632853
hidden_size=68
attention_head_size=3
dropout=0.29532605066960615
hidden_continuous_size=42
max_epochs=500
