gradient_clip_val=0.16209060807227324
learning_rate=0.0028412911749267147
hidden_size=50
attention_head_size=3
dropout=0.18908199424977173
hidden_continuous_size=18
max_epochs=500
