gradient_clip_val=0.012848433679209553
learning_rate=0.0025185181261823428
hidden_size=28
attention_head_size=1
dropout=0.1573785608934462
hidden_continuous_size=13
max_epochs=500
