gradient_clip_val=0.010200423276971904
learning_rate=0.0021185684927790644
hidden_size=11
attention_head_size=3
dropout=0.10800679572061785
hidden_continuous_size=9
max_epochs=500
