gradient_clip_val=0.11130285415261881
learning_rate=0.007237834698410767
hidden_size=15
attention_head_size=1
dropout=0.21177131132647486
hidden_continuous_size=11
max_epochs=500
