gradient_clip_val=0.9208970469832527
learning_rate=0.006718104065683721
hidden_size=38
attention_head_size=3
dropout=0.22555102175406333
hidden_continuous_size=34
max_epochs=500
