gradient_clip_val=0.029653705714973486
learning_rate=0.02010177891059378
hidden_size=19
attention_head_size=3
dropout=0.11858161280048836
hidden_continuous_size=16
max_epochs=500
