gradient_clip_val=0.03147152868910399
learning_rate=0.010239001747251942
hidden_size=8
attention_head_size=3
dropout=0.28728432750409694
hidden_continuous_size=8
max_epochs=500
