gradient_clip_val=0.030358338595798662
learning_rate=0.03990381870039948
hidden_size=30
attention_head_size=4
dropout=0.13119548869882933
hidden_continuous_size=12
max_epochs=500
