gradient_clip_val=0.5427048781304351
learning_rate=0.011561571571459341
hidden_size=65
attention_head_size=4
dropout=0.13777715468447807
hidden_continuous_size=58
max_epochs=500
