gradient_clip_val=0.10517704560221236
learning_rate=0.019351583490748846
hidden_size=8
attention_head_size=1
dropout=0.25257879559679475
hidden_continuous_size=8
max_epochs=500
