gradient_clip_val=0.2758918071844427
learning_rate=0.05880710358902256
hidden_size=14
attention_head_size=3
dropout=0.15851301572178483
hidden_continuous_size=12
max_epochs=500
