gradient_clip_val=0.9846755722349911
learning_rate=0.06229145303709319
hidden_size=22
attention_head_size=1
dropout=0.102751493382811
hidden_continuous_size=8
max_epochs=500
