gradient_clip_val=0.8384807979270138
learning_rate=0.0020225623400157975
hidden_size=120
attention_head_size=1
dropout=0.20671160953844187
hidden_continuous_size=39
max_epochs=500
