gradient_clip_val=0.5186118746682873
learning_rate=0.013187633453453538
hidden_size=61
attention_head_size=2
dropout=0.17242837916218662
hidden_continuous_size=42
max_epochs=500
