gradient_clip_val=0.49593073148802247
learning_rate=0.004699179128285276
hidden_size=22
attention_head_size=2
dropout=0.2950750382264269
hidden_continuous_size=19
max_epochs=500
