gradient_clip_val=0.43390516350276254
learning_rate=0.05777797719581127
hidden_size=14
attention_head_size=4
dropout=0.26976059819837983
hidden_continuous_size=8
max_epochs=500
