gradient_clip_val=0.6869712127356349
learning_rate=0.001065924301588073
hidden_size=119
attention_head_size=2
dropout=0.11289674187399448
hidden_continuous_size=44
max_epochs=500
