gradient_clip_val=0.20766004065327306
learning_rate=0.047062220658671466
hidden_size=49
attention_head_size=3
dropout=0.2797091982498767
hidden_continuous_size=25
max_epochs=500
