gradient_clip_val=0.4845780516253008
learning_rate=0.029324017420937765
hidden_size=32
attention_head_size=1
dropout=0.122533208733209
hidden_continuous_size=24
max_epochs=500
