gradient_clip_val=0.03602252842280742
learning_rate=0.09687425233849638
hidden_size=51
attention_head_size=2
dropout=0.15988379779104817
hidden_continuous_size=31
max_epochs=500
