gradient_clip_val=0.022750339871359163
learning_rate=0.0017503644292898978
hidden_size=47
attention_head_size=3
dropout=0.15597806070588507
hidden_continuous_size=16
max_epochs=500
