gradient_clip_val=0.2873968901662229
learning_rate=0.0013537448954476193
hidden_size=9
attention_head_size=4
dropout=0.29700007815847984
hidden_continuous_size=9
max_epochs=500
