gradient_clip_val=0.020278621980023493
learning_rate=0.012505606462731914
hidden_size=100
attention_head_size=4
dropout=0.23520603859999437
hidden_continuous_size=22
max_epochs=500
