gradient_clip_val=0.08101337626979976
learning_rate=0.0031732755611226207
hidden_size=57
attention_head_size=4
dropout=0.1431705911443279
hidden_continuous_size=19
max_epochs=500
