gradient_clip_val=0.2669123223498877
learning_rate=0.07431108971320241
hidden_size=13
attention_head_size=4
dropout=0.2496945957912933
hidden_continuous_size=11
max_epochs=500
