gradient_clip_val=0.8501334031412523
learning_rate=0.08528589446553678
hidden_size=77
attention_head_size=2
dropout=0.24581103346365055
hidden_continuous_size=74
max_epochs=500
