gradient_clip_val=0.06508404649306505
learning_rate=0.00228767063414194
hidden_size=21
attention_head_size=4
dropout=0.21669461333877954
hidden_continuous_size=16
max_epochs=500
