gradient_clip_val=0.4019629075465546
learning_rate=0.022025117846623116
hidden_size=15
attention_head_size=1
dropout=0.23661675159037523
hidden_continuous_size=9
max_epochs=500
