gradient_clip_val=0.9225856251797249
learning_rate=0.05781680738031948
hidden_size=92
attention_head_size=3
dropout=0.13178133025645064
hidden_continuous_size=26
max_epochs=500
