gradient_clip_val=0.09410961761127988
learning_rate=0.053756130306532535
hidden_size=41
attention_head_size=4
dropout=0.10262392193081032
hidden_continuous_size=35
max_epochs=500
