gradient_clip_val=0.019240404956777712
learning_rate=0.05442340200532953
hidden_size=76
attention_head_size=4
dropout=0.26372804345109857
hidden_continuous_size=50
max_epochs=500
