gradient_clip_val=0.33204328508334624
learning_rate=0.0038887175497215923
hidden_size=61
attention_head_size=4
dropout=0.1681596163871833
hidden_continuous_size=20
max_epochs=500
