gradient_clip_val=0.21189513705330307
learning_rate=0.001070691183075416
hidden_size=30
attention_head_size=3
dropout=0.2843342174280631
hidden_continuous_size=17
max_epochs=500
