gradient_clip_val=0.01171889315261802
learning_rate=0.003765352874334305
hidden_size=37
attention_head_size=4
dropout=0.281128800331617
hidden_continuous_size=23
max_epochs=500
