gradient_clip_val=0.10243932999447802
learning_rate=0.001338978357642478
hidden_size=42
attention_head_size=3
dropout=0.11867504369735574
hidden_continuous_size=12
max_epochs=500
