gradient_clip_val=0.21581870789801447
learning_rate=0.003968861344072855
hidden_size=46
attention_head_size=4
dropout=0.2284325147599816
hidden_continuous_size=21
max_epochs=500
