gradient_clip_val=0.048312949377595664
learning_rate=0.006139477325830272
hidden_size=50
attention_head_size=4
dropout=0.13981877259334177
hidden_continuous_size=37
max_epochs=500
