gradient_clip_val=0.025380582087847728
learning_rate=0.003578125433692161
hidden_size=97
attention_head_size=4
dropout=0.19581735982110626
hidden_continuous_size=20
max_epochs=500
