gradient_clip_val=0.3937138012866314
learning_rate=0.0013319263371052291
hidden_size=25
attention_head_size=1
dropout=0.10036808394960878
hidden_continuous_size=25
max_epochs=500
