gradient_clip_val=0.319923196319418
learning_rate=0.005578303081204884
hidden_size=25
attention_head_size=2
dropout=0.2044956409111148
hidden_continuous_size=15
max_epochs=500
