gradient_clip_val=0.07178799899387849
learning_rate=0.013669866703709798
hidden_size=16
attention_head_size=1
dropout=0.11713761228097966
hidden_continuous_size=16
max_epochs=500
