gradient_clip_val=0.21183538044978595
learning_rate=0.004005197306168481
hidden_size=115
attention_head_size=1
dropout=0.23694572411294676
hidden_continuous_size=81
max_epochs=500
