gradient_clip_val=0.10395507349156427
learning_rate=0.05352250965101224
hidden_size=12
attention_head_size=4
dropout=0.10870261848794072
hidden_continuous_size=10
max_epochs=500
