gradient_clip_val=0.025449890191065763
learning_rate=0.004362580569875211
hidden_size=21
attention_head_size=4
dropout=0.19988767852043338
hidden_continuous_size=17
max_epochs=500
