gradient_clip_val=0.08233090255479779
learning_rate=0.0013821851465005953
hidden_size=15
attention_head_size=3
dropout=0.26327310964611994
hidden_continuous_size=15
max_epochs=500
