gradient_clip_val=0.0709702604828841
learning_rate=0.0014099298542186005
hidden_size=51
attention_head_size=1
dropout=0.10657987001426956
hidden_continuous_size=10
max_epochs=500
