gradient_clip_val=0.12796885998657162
learning_rate=0.0011755825262636235
hidden_size=58
attention_head_size=4
dropout=0.2969932959201007
hidden_continuous_size=11
max_epochs=500
