gradient_clip_val=0.5183921302707565
learning_rate=0.025089918543458767
hidden_size=34
attention_head_size=4
dropout=0.12730548977091236
hidden_continuous_size=15
max_epochs=500
