gradient_clip_val=0.10647078142371033
learning_rate=0.014927924605361007
hidden_size=98
attention_head_size=1
dropout=0.12572645789296952
hidden_continuous_size=12
max_epochs=500
