gradient_clip_val=0.4239112762411809
learning_rate=0.040156715026595076
hidden_size=8
attention_head_size=3
dropout=0.205330284164369
hidden_continuous_size=8
max_epochs=500
