gradient_clip_val=0.057847883924901575
learning_rate=0.01960625286310671
hidden_size=8
attention_head_size=4
dropout=0.17428910029733174
hidden_continuous_size=8
max_epochs=500
