gradient_clip_val=0.35621342599710004
learning_rate=0.030212963588723774
hidden_size=52
attention_head_size=3
dropout=0.29002284238359954
hidden_continuous_size=31
max_epochs=500
