gradient_clip_val=0.09525355531978556
learning_rate=0.06675778382655996
hidden_size=28
attention_head_size=4
dropout=0.21638746037082235
hidden_continuous_size=13
max_epochs=500
