gradient_clip_val=0.5258904481026856
learning_rate=0.0020435926529136107
hidden_size=28
attention_head_size=2
dropout=0.28546472298853376
hidden_continuous_size=8
max_epochs=500
