gradient_clip_val=0.5015774820674602
learning_rate=0.04164505403493636
hidden_size=9
attention_head_size=2
dropout=0.13346258274602718
hidden_continuous_size=8
max_epochs=500
