gradient_clip_val=0.22608481511426196
learning_rate=0.08082367207706549
hidden_size=27
attention_head_size=2
dropout=0.20528835843530735
hidden_continuous_size=24
max_epochs=500
