gradient_clip_val=0.1979771902111093
learning_rate=0.0011426993146657106
hidden_size=91
attention_head_size=3
dropout=0.14954665668972875
hidden_continuous_size=60
max_epochs=500
