gradient_clip_val=0.11389252204376862
learning_rate=0.09315445179959622
hidden_size=54
attention_head_size=2
dropout=0.2978236432554987
hidden_continuous_size=10
max_epochs=500
