gradient_clip_val=0.3694044221820612
learning_rate=0.02145375766563413
hidden_size=56
attention_head_size=3
dropout=0.2182353673245669
hidden_continuous_size=18
max_epochs=500
