gradient_clip_val=0.05009622714294
learning_rate=0.006854334234722065
hidden_size=15
attention_head_size=2
dropout=0.16061724200367214
hidden_continuous_size=11
max_epochs=500
