gradient_clip_val=0.02423546582509915
learning_rate=0.012198534359120803
hidden_size=26
attention_head_size=2
dropout=0.1400114204479088
hidden_continuous_size=8
max_epochs=500
