gradient_clip_val=0.15630718528244267
learning_rate=0.025743369312851344
hidden_size=20
attention_head_size=2
dropout=0.2638174792718073
hidden_continuous_size=11
max_epochs=500
