gradient_clip_val=0.02270184647133446
learning_rate=0.005765718461676399
hidden_size=47
attention_head_size=2
dropout=0.1382331509587653
hidden_continuous_size=30
max_epochs=500
