gradient_clip_val=0.857227753740118
learning_rate=0.06871175309568783
hidden_size=16
attention_head_size=4
dropout=0.18720096315350274
hidden_continuous_size=10
max_epochs=500
