gradient_clip_val=0.07902179804813224
learning_rate=0.0475761814636765
hidden_size=46
attention_head_size=2
dropout=0.1382680974996715
hidden_continuous_size=12
max_epochs=500
