gradient_clip_val=0.04749068766515957
learning_rate=0.003195592788845886
hidden_size=117
attention_head_size=3
dropout=0.14503945398589743
hidden_continuous_size=45
max_epochs=500
