gradient_clip_val=0.43510463795868703
learning_rate=0.0016002976373993615
hidden_size=11
attention_head_size=3
dropout=0.1985699195493906
hidden_continuous_size=10
max_epochs=500
