gradient_clip_val=0.2049635312328737
learning_rate=0.03474865575823175
hidden_size=36
attention_head_size=4
dropout=0.2012959811379313
hidden_continuous_size=16
max_epochs=500
