gradient_clip_val=0.3781437560357623
learning_rate=0.09441896405900689
hidden_size=51
attention_head_size=1
dropout=0.1438556799798476
hidden_continuous_size=16
max_epochs=500
