gradient_clip_val=0.04900134058052962
learning_rate=0.08844189445217268
hidden_size=18
attention_head_size=4
dropout=0.21032744976588988
hidden_continuous_size=17
max_epochs=500
