gradient_clip_val=0.7586929071925708
learning_rate=0.0013898849175866834
hidden_size=9
attention_head_size=3
dropout=0.15092810702646087
hidden_continuous_size=8
max_epochs=500
