gradient_clip_val=0.7569914760850527
learning_rate=0.00326823664611516
hidden_size=123
attention_head_size=1
dropout=0.17724703824725502
hidden_continuous_size=14
max_epochs=500
