gradient_clip_val=0.36259465553228437
learning_rate=0.008170116760690837
hidden_size=95
attention_head_size=2
dropout=0.19723295045260025
hidden_continuous_size=40
max_epochs=500
