gradient_clip_val=0.06520646137830488
learning_rate=0.05280545691583226
hidden_size=42
attention_head_size=3
dropout=0.2525447672190825
hidden_continuous_size=16
max_epochs=500
