gradient_clip_val=0.1254817190996488
learning_rate=0.045778678298481104
hidden_size=16
attention_head_size=1
dropout=0.22001080382270286
hidden_continuous_size=15
max_epochs=500
