gradient_clip_val=0.19158691453797433
learning_rate=0.0014312042497403444
hidden_size=11
attention_head_size=1
dropout=0.18717031481813534
hidden_continuous_size=10
max_epochs=500
