gradient_clip_val=0.2948211220896652
learning_rate=0.002287387508232496
hidden_size=11
attention_head_size=2
dropout=0.25276931275237746
hidden_continuous_size=10
max_epochs=500
