gradient_clip_val=0.024246032961597122
learning_rate=0.0027763101759721905
hidden_size=42
attention_head_size=2
dropout=0.2557337472302479
hidden_continuous_size=20
max_epochs=500
