gradient_clip_val=0.30961477202668874
learning_rate=0.0014531879947735234
hidden_size=18
attention_head_size=2
dropout=0.11470769858327563
hidden_continuous_size=15
max_epochs=500
