gradient_clip_val=0.24660092025317307
learning_rate=0.0015127491483415871
hidden_size=92
attention_head_size=1
dropout=0.23179804731277168
hidden_continuous_size=8
max_epochs=500
