gradient_clip_val=0.12473272706922629
learning_rate=0.019332137908285953
hidden_size=14
attention_head_size=1
dropout=0.2876897161312789
hidden_continuous_size=8
max_epochs=500
