gradient_clip_val=0.23826557633289966
learning_rate=0.001998470284671473
hidden_size=20
attention_head_size=1
dropout=0.16234439220644742
hidden_continuous_size=13
max_epochs=500
