gradient_clip_val=0.10649835081801298
learning_rate=0.0010900496497017046
hidden_size=11
attention_head_size=1
dropout=0.16374584031946848
hidden_continuous_size=8
max_epochs=500
