gradient_clip_val=0.2110363348118639
learning_rate=0.0027964902919746615
hidden_size=16
attention_head_size=4
dropout=0.10474768868978689
hidden_continuous_size=9
max_epochs=500
