gradient_clip_val=0.12793240876567566
learning_rate=0.08485580328334537
hidden_size=37
attention_head_size=4
dropout=0.15863736820963428
hidden_continuous_size=9
max_epochs=500
