gradient_clip_val=0.3890403450036819
learning_rate=0.05606200069494913
hidden_size=23
attention_head_size=1
dropout=0.10518667840971069
hidden_continuous_size=21
max_epochs=500
