gradient_clip_val=0.11264477076664699
learning_rate=0.02217256175347952
hidden_size=93
attention_head_size=3
dropout=0.20153188689421087
hidden_continuous_size=20
max_epochs=500
