gradient_clip_val=0.037884343308619665
learning_rate=0.009313194486703338
hidden_size=32
attention_head_size=4
dropout=0.16978635899992678
hidden_continuous_size=19
max_epochs=500
