gradient_clip_val=0.03379166039454568
learning_rate=0.06373047791562798
hidden_size=84
attention_head_size=3
dropout=0.2143001265173442
hidden_continuous_size=26
max_epochs=500
