gradient_clip_val=0.2281286610757023
learning_rate=0.0012310761978394451
hidden_size=57
attention_head_size=4
dropout=0.10809733659270951
hidden_continuous_size=14
max_epochs=500
