gradient_clip_val=0.5804912589821903
learning_rate=0.007218603255955302
hidden_size=53
attention_head_size=3
dropout=0.11850614529726716
hidden_continuous_size=15
max_epochs=500
