gradient_clip_val=0.01980110825420163
learning_rate=0.0014157086376370988
hidden_size=28
attention_head_size=1
dropout=0.16672664494860295
hidden_continuous_size=15
max_epochs=500
