gradient_clip_val=0.27108498604219655
learning_rate=0.0020610810353210635
hidden_size=79
attention_head_size=4
dropout=0.19507536265269587
hidden_continuous_size=48
max_epochs=500
