gradient_clip_val=0.026865087340671223
learning_rate=0.004280975202237208
hidden_size=11
attention_head_size=1
dropout=0.16235566317504702
hidden_continuous_size=11
max_epochs=500
