gradient_clip_val=0.4884769469542488
learning_rate=0.007032921834273642
hidden_size=62
attention_head_size=3
dropout=0.2277254253732601
hidden_continuous_size=15
max_epochs=500
