gradient_clip_val=0.032789539315856576
learning_rate=0.06985725264237683
hidden_size=56
attention_head_size=4
dropout=0.28766437495991715
hidden_continuous_size=13
max_epochs=500
