gradient_clip_val=0.01912015280148906
learning_rate=0.0035899043122196873
hidden_size=68
attention_head_size=2
dropout=0.20230258326812808
hidden_continuous_size=10
max_epochs=500
