gradient_clip_val=0.010890336141202231
learning_rate=0.07235879949458389
hidden_size=19
attention_head_size=1
dropout=0.25918532231929414
hidden_continuous_size=16
max_epochs=500
