gradient_clip_val=0.07406880022640311
learning_rate=0.021347545677685147
hidden_size=39
attention_head_size=4
dropout=0.27132630389848944
hidden_continuous_size=16
max_epochs=500
