gradient_clip_val=0.08253104582810433
learning_rate=0.036192624993801416
hidden_size=18
attention_head_size=2
dropout=0.12568169583130856
hidden_continuous_size=9
max_epochs=500
