gradient_clip_val=0.961868454329331
learning_rate=0.0020244749994687158
hidden_size=18
attention_head_size=4
dropout=0.11751047169618796
hidden_continuous_size=10
max_epochs=500
