gradient_clip_val=0.011374065535488346
learning_rate=0.04496597249303354
hidden_size=28
attention_head_size=2
dropout=0.29045293020360186
hidden_continuous_size=13
max_epochs=500
