gradient_clip_val=0.14717787307255684
learning_rate=0.0455879577958715
hidden_size=84
attention_head_size=1
dropout=0.23323675921405165
hidden_continuous_size=25
max_epochs=500
