gradient_clip_val=0.018637426430775525
learning_rate=0.03122211585174018
hidden_size=96
attention_head_size=3
dropout=0.16657059059774648
hidden_continuous_size=57
max_epochs=500
