gradient_clip_val=0.02469940399450846
learning_rate=0.008527811364110426
hidden_size=35
attention_head_size=4
dropout=0.20703595856338897
hidden_continuous_size=11
max_epochs=500
