gradient_clip_val=0.24353453245137338
learning_rate=0.01067155422741365
hidden_size=16
attention_head_size=1
dropout=0.18436091956353584
hidden_continuous_size=14
max_epochs=500
