gradient_clip_val=0.41920647367993014
learning_rate=0.006843941802842651
hidden_size=8
attention_head_size=2
dropout=0.2601323300442654
hidden_continuous_size=8
max_epochs=500
