gradient_clip_val=0.21997555278964354
learning_rate=0.008746705138831603
hidden_size=8
attention_head_size=4
dropout=0.11839112494267293
hidden_continuous_size=8
max_epochs=500
