gradient_clip_val=0.42172762163334404
learning_rate=0.003424384858335074
hidden_size=70
attention_head_size=3
dropout=0.2580632482358531
hidden_continuous_size=13
max_epochs=500
