gradient_clip_val=0.04514021950672073
learning_rate=0.01024570747451314
hidden_size=17
attention_head_size=4
dropout=0.14173480293758578
hidden_continuous_size=9
max_epochs=500
