gradient_clip_val=0.13064358938236662
learning_rate=0.015660390340415116
hidden_size=16
attention_head_size=4
dropout=0.12439642193407074
hidden_continuous_size=15
max_epochs=500
