gradient_clip_val=0.03644120301720187
learning_rate=0.017560081308079244
hidden_size=8
attention_head_size=1
dropout=0.24063741532733188
hidden_continuous_size=8
max_epochs=500
