gradient_clip_val=0.03493007634472958
learning_rate=0.008296128157466155
hidden_size=70
attention_head_size=3
dropout=0.1280423113292125
hidden_continuous_size=29
max_epochs=500
