gradient_clip_val=0.8438512519144822
learning_rate=0.002078000761397943
hidden_size=16
attention_head_size=4
dropout=0.19694074830661223
hidden_continuous_size=8
max_epochs=500
