gradient_clip_val=0.2661959079136285
learning_rate=0.040977203668678026
hidden_size=115
attention_head_size=4
dropout=0.10006691418715295
hidden_continuous_size=45
max_epochs=500
