gradient_clip_val=0.3085831040772779
learning_rate=0.005448004852026306
hidden_size=33
attention_head_size=4
dropout=0.2559794304809989
hidden_continuous_size=28
max_epochs=500
