gradient_clip_val=0.09907405124157512
learning_rate=0.0034434134059919117
hidden_size=25
attention_head_size=2
dropout=0.12863098570718973
hidden_continuous_size=12
max_epochs=500
