gradient_clip_val=0.01585832119775574
learning_rate=0.08791343569109632
hidden_size=10
attention_head_size=2
dropout=0.22730961883076345
hidden_continuous_size=10
max_epochs=500
