gradient_clip_val=0.7736667141501591
learning_rate=0.002180092618868128
hidden_size=44
attention_head_size=3
dropout=0.14008669889534253
hidden_continuous_size=21
max_epochs=500
