gradient_clip_val=0.18964729218970128
learning_rate=0.0031897938177051347
hidden_size=23
attention_head_size=3
dropout=0.16853130701605137
hidden_continuous_size=9
max_epochs=500
