gradient_clip_val=0.11849804521572632
learning_rate=0.004943612736778458
hidden_size=106
attention_head_size=4
dropout=0.2171570416109465
hidden_continuous_size=89
max_epochs=500
