gradient_clip_val=0.093926101174427
learning_rate=0.0036999865471083787
hidden_size=13
attention_head_size=2
dropout=0.2930256387049759
hidden_continuous_size=10
max_epochs=500
