gradient_clip_val=0.016342858406170818
learning_rate=0.01310518256211843
hidden_size=70
attention_head_size=1
dropout=0.1438786353634655
hidden_continuous_size=12
max_epochs=500
