gradient_clip_val=0.09760577580438959
learning_rate=0.007911086554702317
hidden_size=31
attention_head_size=1
dropout=0.11611246381711769
hidden_continuous_size=14
max_epochs=500
