gradient_clip_val=0.01301031067569238
learning_rate=0.0028227075387543647
hidden_size=36
attention_head_size=4
dropout=0.25701886121541395
hidden_continuous_size=12
max_epochs=500
