gradient_clip_val=0.10426935535458004
learning_rate=0.0331784161481279
hidden_size=68
attention_head_size=1
dropout=0.26292066554104043
hidden_continuous_size=29
max_epochs=500
