gradient_clip_val=0.2570421768910559
learning_rate=0.005863513757045839
hidden_size=36
attention_head_size=1
dropout=0.20267139328144745
hidden_continuous_size=20
max_epochs=500
