gradient_clip_val=0.14621226132171194
learning_rate=0.025313803995628395
hidden_size=22
attention_head_size=3
dropout=0.20958789769229036
hidden_continuous_size=8
max_epochs=500
