gradient_clip_val=0.024701669116781486
learning_rate=0.00527420468184621
hidden_size=71
attention_head_size=2
dropout=0.1960695749636302
hidden_continuous_size=28
max_epochs=500
