gradient_clip_val=0.7648292530629804
learning_rate=0.002106638638964119
hidden_size=126
attention_head_size=1
dropout=0.2155309370962502
hidden_continuous_size=107
max_epochs=500
