gradient_clip_val=0.02566428470240357
learning_rate=0.022738223614178526
hidden_size=54
attention_head_size=1
dropout=0.11203045529436569
hidden_continuous_size=12
max_epochs=500
