gradient_clip_val=0.06518136555494598
learning_rate=0.0012384406075818311
hidden_size=13
attention_head_size=1
dropout=0.1953097643639995
hidden_continuous_size=10
max_epochs=500
