gradient_clip_val=0.16294392440777136
learning_rate=0.0021120151683338795
hidden_size=110
attention_head_size=3
dropout=0.24308510759606886
hidden_continuous_size=38
max_epochs=500
