gradient_clip_val=0.12957355664888992
learning_rate=0.009984246438698151
hidden_size=24
attention_head_size=3
dropout=0.15778747827300854
hidden_continuous_size=14
max_epochs=500
