gradient_clip_val=0.16486091774221373
learning_rate=0.003821475133306783
hidden_size=9
attention_head_size=3
dropout=0.2721952455785085
hidden_continuous_size=9
max_epochs=500
