gradient_clip_val=0.7357714143886412
learning_rate=0.021525674343947608
hidden_size=14
attention_head_size=1
dropout=0.19810488253592884
hidden_continuous_size=8
max_epochs=500
