gradient_clip_val=0.6318456116451215
learning_rate=0.003031434849581861
hidden_size=60
attention_head_size=4
dropout=0.21903601666083222
hidden_continuous_size=30
max_epochs=500
