gradient_clip_val=0.22877335824991676
learning_rate=0.0033107837153720865
hidden_size=69
attention_head_size=2
dropout=0.21534368090475095
hidden_continuous_size=17
max_epochs=500
