gradient_clip_val=0.05930375738921536
learning_rate=0.001361469429061372
hidden_size=25
attention_head_size=1
dropout=0.28243431037648203
hidden_continuous_size=16
max_epochs=500
