gradient_clip_val=0.024812948389814286
learning_rate=0.047198332279218276
hidden_size=28
attention_head_size=3
dropout=0.14754115086045033
hidden_continuous_size=27
max_epochs=500
