gradient_clip_val=0.11561296433579156
learning_rate=0.01607114666586144
hidden_size=27
attention_head_size=2
dropout=0.22757786760973334
hidden_continuous_size=18
max_epochs=500
