gradient_clip_val=0.16755224162528448
learning_rate=0.0020759656570850877
hidden_size=85
attention_head_size=1
dropout=0.18894934778151495
hidden_continuous_size=17
max_epochs=500
