gradient_clip_val=0.10620582594941991
learning_rate=0.0014316095992345109
hidden_size=94
attention_head_size=3
dropout=0.247999063110116
hidden_continuous_size=30
max_epochs=500
