gradient_clip_val=0.13907902340559639
learning_rate=0.002931854477467316
hidden_size=18
attention_head_size=3
dropout=0.1322291845104324
hidden_continuous_size=8
max_epochs=500
