gradient_clip_val=0.36016552710592176
learning_rate=0.005039566334514372
hidden_size=117
attention_head_size=2
dropout=0.20375429808401563
hidden_continuous_size=48
max_epochs=500
