gradient_clip_val=0.05706553203628568
learning_rate=0.029584281537995426
hidden_size=56
attention_head_size=1
dropout=0.1738699730287891
hidden_continuous_size=13
max_epochs=500
