gradient_clip_val=0.07569418317518814
learning_rate=0.06574269766497319
hidden_size=40
attention_head_size=3
dropout=0.22293075074890006
hidden_continuous_size=34
max_epochs=500
