gradient_clip_val=0.014425324197666454
learning_rate=0.0596255495677936
hidden_size=50
attention_head_size=3
dropout=0.12987107271758863
hidden_continuous_size=50
max_epochs=500
