gradient_clip_val=0.500809979268388
learning_rate=0.001828520748163615
hidden_size=111
attention_head_size=4
dropout=0.1609153163942973
hidden_continuous_size=9
max_epochs=500
