gradient_clip_val=0.2654144556275493
learning_rate=0.03235390989163069
hidden_size=27
attention_head_size=1
dropout=0.20247347349234399
hidden_continuous_size=14
max_epochs=500
