gradient_clip_val=0.3489436863302115
learning_rate=0.0022013511873887467
hidden_size=20
attention_head_size=1
dropout=0.19753865054188885
hidden_continuous_size=11
max_epochs=500
