gradient_clip_val=0.43938147727671856
learning_rate=0.044797097675820303
hidden_size=66
attention_head_size=2
dropout=0.21103077002680645
hidden_continuous_size=36
max_epochs=500
