gradient_clip_val=0.1729655140897039
learning_rate=0.002588327379517368
hidden_size=17
attention_head_size=3
dropout=0.11720383469145204
hidden_continuous_size=15
max_epochs=500
