gradient_clip_val=0.30318697188047783
learning_rate=0.07654355299204735
hidden_size=13
attention_head_size=2
dropout=0.27741329440141405
hidden_continuous_size=13
max_epochs=500
