gradient_clip_val=0.09392563759700903
learning_rate=0.03246783558155327
hidden_size=87
attention_head_size=4
dropout=0.2668431977690156
hidden_continuous_size=26
max_epochs=500
