gradient_clip_val=0.02532496946421854
learning_rate=0.07316372566415005
hidden_size=57
attention_head_size=2
dropout=0.18675433471423708
hidden_continuous_size=24
max_epochs=500
