gradient_clip_val=0.13174977893316966
learning_rate=0.014711871624208521
hidden_size=48
attention_head_size=3
dropout=0.16581576422442917
hidden_continuous_size=22
max_epochs=500
