gradient_clip_val=0.03120122599205607
learning_rate=0.05924717882406251
hidden_size=73
attention_head_size=2
dropout=0.20029649006068245
hidden_continuous_size=10
max_epochs=500
