gradient_clip_val=0.17002471017006857
learning_rate=0.030512514718613177
hidden_size=21
attention_head_size=2
dropout=0.2887670877228319
hidden_continuous_size=10
max_epochs=500
