gradient_clip_val=0.20337302770282986
learning_rate=0.007071528095132803
hidden_size=11
attention_head_size=3
dropout=0.1280653530986079
hidden_continuous_size=11
max_epochs=500
