gradient_clip_val=0.01502142736502768
learning_rate=0.02074691010682801
hidden_size=9
attention_head_size=3
dropout=0.15726615737665506
hidden_continuous_size=8
max_epochs=500
