gradient_clip_val=0.014738321964173474
learning_rate=0.007717309101155538
hidden_size=47
attention_head_size=1
dropout=0.17837512803465577
hidden_continuous_size=12
max_epochs=500
