gradient_clip_val=0.4345741939522998
learning_rate=0.002405268382536971
hidden_size=14
attention_head_size=1
dropout=0.1899415049644727
hidden_continuous_size=10
max_epochs=500
