gradient_clip_val=0.14233026953530975
learning_rate=0.005679471989675252
hidden_size=81
attention_head_size=4
dropout=0.1669781035947296
hidden_continuous_size=46
max_epochs=500
