gradient_clip_val=0.7388739514926349
learning_rate=0.033542517253329525
hidden_size=45
attention_head_size=1
dropout=0.2431349920142998
hidden_continuous_size=23
max_epochs=500
