gradient_clip_val=0.5495384401573744
learning_rate=0.003040903318267291
hidden_size=37
attention_head_size=1
dropout=0.2878789908371211
hidden_continuous_size=16
max_epochs=500
