gradient_clip_val=0.6271461581452368
learning_rate=0.005899551655472578
hidden_size=27
attention_head_size=2
dropout=0.24458758026673885
hidden_continuous_size=27
max_epochs=500
