gradient_clip_val=0.7049256036136431
learning_rate=0.004705707099712128
hidden_size=8
attention_head_size=3
dropout=0.21148851129158897
hidden_continuous_size=8
max_epochs=500
