gradient_clip_val=0.032428960843355135
learning_rate=0.0016402948973045647
hidden_size=43
attention_head_size=4
dropout=0.2070879584662078
hidden_continuous_size=10
max_epochs=500
