gradient_clip_val=0.07395660033799428
learning_rate=0.00337091098013056
hidden_size=9
attention_head_size=4
dropout=0.21264973892054684
hidden_continuous_size=9
max_epochs=500
