gradient_clip_val=0.28090092973367486
learning_rate=0.024682934061225462
hidden_size=123
attention_head_size=2
dropout=0.2731512698612345
hidden_continuous_size=29
max_epochs=500
