gradient_clip_val=0.9656248657873624
learning_rate=0.09799842994051018
hidden_size=12
attention_head_size=2
dropout=0.18910638634402277
hidden_continuous_size=8
max_epochs=500
