gradient_clip_val=0.12531385837054604
learning_rate=0.0029038117853763877
hidden_size=14
attention_head_size=3
dropout=0.2581377062360226
hidden_continuous_size=12
max_epochs=500
