gradient_clip_val=0.7830722718597573
learning_rate=0.031947850234233674
hidden_size=37
attention_head_size=1
dropout=0.2629434088229703
hidden_continuous_size=10
max_epochs=500
