gradient_clip_val=0.059226553591188724
learning_rate=0.031624001435946354
hidden_size=27
attention_head_size=3
dropout=0.24251574453462116
hidden_continuous_size=27
max_epochs=500
