gradient_clip_val=0.034406773820578204
learning_rate=0.0019450229620025063
hidden_size=10
attention_head_size=4
dropout=0.18545218410033798
hidden_continuous_size=8
max_epochs=500
