gradient_clip_val=0.8217775541384128
learning_rate=0.005659049933072846
hidden_size=12
attention_head_size=3
dropout=0.21090009239311142
hidden_continuous_size=10
max_epochs=500
