gradient_clip_val=0.3932698226004631
learning_rate=0.038622067399967826
hidden_size=29
attention_head_size=3
dropout=0.2791760701390089
hidden_continuous_size=29
max_epochs=500
