gradient_clip_val=0.05060077879350351
learning_rate=0.005464905708445235
hidden_size=127
attention_head_size=1
dropout=0.28431918471658013
hidden_continuous_size=45
max_epochs=500
