gradient_clip_val=0.012161816766348064
learning_rate=0.001104666936799389
hidden_size=61
attention_head_size=2
dropout=0.2553339182815668
hidden_continuous_size=55
max_epochs=500
