gradient_clip_val=0.48855011110384156
learning_rate=0.0628793314204853
hidden_size=13
attention_head_size=3
dropout=0.28634423742776427
hidden_continuous_size=8
max_epochs=500
