gradient_clip_val=0.10829716626360096
learning_rate=0.08353521387876509
hidden_size=15
attention_head_size=3
dropout=0.20532626509751256
hidden_continuous_size=11
max_epochs=500
