gradient_clip_val=0.15254820961602772
learning_rate=0.08998140881418774
hidden_size=71
attention_head_size=1
dropout=0.29990283865010503
hidden_continuous_size=43
max_epochs=500
