gradient_clip_val=0.4548043709786716
learning_rate=0.0034014511180123553
hidden_size=10
attention_head_size=1
dropout=0.2270545375121644
hidden_continuous_size=10
max_epochs=500
