gradient_clip_val=0.05238845231799736
learning_rate=0.004418067293760021
hidden_size=26
attention_head_size=3
dropout=0.10482187507916046
hidden_continuous_size=19
max_epochs=500
