gradient_clip_val=0.16168065674036014
learning_rate=0.031230356409422795
hidden_size=15
attention_head_size=1
dropout=0.1404566202091613
hidden_continuous_size=10
max_epochs=500
