gradient_clip_val=0.011206167472575234
learning_rate=0.0017809998291818895
hidden_size=16
attention_head_size=2
dropout=0.20447744120374634
hidden_continuous_size=9
max_epochs=500
