gradient_clip_val=0.24714429867264034
learning_rate=0.0019635976626942
hidden_size=31
attention_head_size=4
dropout=0.20541937004578253
hidden_continuous_size=26
max_epochs=500
