gradient_clip_val=0.06855026118588245
learning_rate=0.02128972023412998
hidden_size=80
attention_head_size=4
dropout=0.21683853873631764
hidden_continuous_size=32
max_epochs=500
