gradient_clip_val=0.14716812116714822
learning_rate=0.008000472087828368
hidden_size=44
attention_head_size=1
dropout=0.1389057270484775
hidden_continuous_size=35
max_epochs=500
