gradient_clip_val=0.025271541316600355
learning_rate=0.001374385990965349
hidden_size=25
attention_head_size=3
dropout=0.1566533996762543
hidden_continuous_size=10
max_epochs=500
