gradient_clip_val=0.010879152600239042
learning_rate=0.06696770753502478
hidden_size=40
attention_head_size=1
dropout=0.23119324103442818
hidden_continuous_size=40
max_epochs=500
