gradient_clip_val=0.5880847997141587
learning_rate=0.03198940188714413
hidden_size=11
attention_head_size=4
dropout=0.19821384374036682
hidden_continuous_size=11
max_epochs=500
