gradient_clip_val=0.036710093719920955
learning_rate=0.0043948276840261825
hidden_size=94
attention_head_size=3
dropout=0.1486899587824888
hidden_continuous_size=64
max_epochs=500
