gradient_clip_val=0.08793359804569206
learning_rate=0.03209950888056273
hidden_size=16
attention_head_size=1
dropout=0.13563037079760035
hidden_continuous_size=12
max_epochs=500
