gradient_clip_val=0.010468775716651783
learning_rate=0.005124405644022741
hidden_size=9
attention_head_size=4
dropout=0.17342047600550234
hidden_continuous_size=9
max_epochs=500
