gradient_clip_val=0.01415779767937428
learning_rate=0.0018219140688923955
hidden_size=46
attention_head_size=4
dropout=0.15041693782554405
hidden_continuous_size=42
max_epochs=500
