gradient_clip_val=0.06639145684791388
learning_rate=0.027912494843464204
hidden_size=14
attention_head_size=3
dropout=0.21151818709494508
hidden_continuous_size=9
max_epochs=500
