gradient_clip_val=0.25926725252954325
learning_rate=0.01651785942189583
hidden_size=21
attention_head_size=4
dropout=0.17814895790241234
hidden_continuous_size=19
max_epochs=500
