gradient_clip_val=0.09161782298069085
learning_rate=0.013651299647162265
hidden_size=55
attention_head_size=1
dropout=0.20563463256686232
hidden_continuous_size=16
max_epochs=500
