gradient_clip_val=0.03949381401521029
learning_rate=0.01525335171906375
hidden_size=32
attention_head_size=3
dropout=0.14997063162511987
hidden_continuous_size=32
max_epochs=500
