gradient_clip_val=0.45788865676652174
learning_rate=0.08858687994242022
hidden_size=57
attention_head_size=4
dropout=0.1289175534818779
hidden_continuous_size=56
max_epochs=500
