gradient_clip_val=0.019757470104920922
learning_rate=0.09367372211798625
hidden_size=11
attention_head_size=1
dropout=0.14362004547356605
hidden_continuous_size=10
max_epochs=500
