gradient_clip_val=0.48835668704949325
learning_rate=0.004041070906932326
hidden_size=80
attention_head_size=2
dropout=0.2721520466435116
hidden_continuous_size=11
max_epochs=500
