gradient_clip_val=0.07713547415457034
learning_rate=0.0037665868825185003
hidden_size=54
attention_head_size=2
dropout=0.17936857378285628
hidden_continuous_size=39
max_epochs=500
