gradient_clip_val=0.35907235271823706
learning_rate=0.00308654755622238
hidden_size=117
attention_head_size=3
dropout=0.11936512900211327
hidden_continuous_size=11
max_epochs=500
