gradient_clip_val=0.8307468401893786
learning_rate=0.03382125901516598
hidden_size=8
attention_head_size=1
dropout=0.14878992503699212
hidden_continuous_size=8
max_epochs=500
