gradient_clip_val=0.023759682468429178
learning_rate=0.005612223212307388
hidden_size=70
attention_head_size=4
dropout=0.2822746717430802
hidden_continuous_size=11
max_epochs=500
