gradient_clip_val=0.4752785759774709
learning_rate=0.004235523874064472
hidden_size=20
attention_head_size=3
dropout=0.14458783278376458
hidden_continuous_size=8
max_epochs=500
