gradient_clip_val=0.5334413807470169
learning_rate=0.012603270808460161
hidden_size=41
attention_head_size=1
dropout=0.23424965290242059
hidden_continuous_size=30
max_epochs=500
