gradient_clip_val=0.057334711249584135
learning_rate=0.04317563054291344
hidden_size=10
attention_head_size=1
dropout=0.1614680690674653
hidden_continuous_size=9
max_epochs=500
