gradient_clip_val=0.5702042071995163
learning_rate=0.0012704538896943537
hidden_size=88
attention_head_size=1
dropout=0.1439752700916403
hidden_continuous_size=20
max_epochs=500
