gradient_clip_val=0.8886655302676009
learning_rate=0.02520292202747172
hidden_size=14
attention_head_size=4
dropout=0.11505953794397886
hidden_continuous_size=10
max_epochs=500
