gradient_clip_val=0.4783880982635336
learning_rate=0.045931599760392114
hidden_size=9
attention_head_size=1
dropout=0.25635823871966296
hidden_continuous_size=8
max_epochs=500
