gradient_clip_val=0.9999574430721633
learning_rate=0.07556739937352941
hidden_size=48
attention_head_size=2
dropout=0.24177004914697792
hidden_continuous_size=31
max_epochs=500
