gradient_clip_val=0.12451188865303389
learning_rate=0.0010789059396142183
hidden_size=78
attention_head_size=3
dropout=0.22873015850073034
hidden_continuous_size=20
max_epochs=500
