gradient_clip_val=0.3901780029037455
learning_rate=0.04155623736566273
hidden_size=116
attention_head_size=3
dropout=0.2009833051317811
hidden_continuous_size=96
max_epochs=500
