gradient_clip_val=0.08340976989898741
learning_rate=0.011235541540165631
hidden_size=13
attention_head_size=3
dropout=0.20318651408022015
hidden_continuous_size=13
max_epochs=500
