gradient_clip_val=0.8664069727582976
learning_rate=0.010029566417017738
hidden_size=37
attention_head_size=1
dropout=0.2860854155736563
hidden_continuous_size=14
max_epochs=500
