gradient_clip_val=0.5131548455350714
learning_rate=0.0030619597668857836
hidden_size=36
attention_head_size=2
dropout=0.27893173636646523
hidden_continuous_size=36
max_epochs=500
