gradient_clip_val=0.024615828174702346
learning_rate=0.0010884227275041723
hidden_size=24
attention_head_size=3
dropout=0.17746557613836084
hidden_continuous_size=8
max_epochs=500
