gradient_clip_val=0.03635669269415397
learning_rate=0.005948021118353761
hidden_size=41
attention_head_size=1
dropout=0.2149312775344757
hidden_continuous_size=10
max_epochs=500
