gradient_clip_val=0.14736853364254715
learning_rate=0.0033969011272235975
hidden_size=125
attention_head_size=1
dropout=0.14626200554664473
hidden_continuous_size=65
max_epochs=500
