gradient_clip_val=0.22577742960088898
learning_rate=0.006140312879102685
hidden_size=84
attention_head_size=1
dropout=0.12242227510652975
hidden_continuous_size=13
max_epochs=500
