gradient_clip_val=0.030822467836189242
learning_rate=0.0193038146179855
hidden_size=69
attention_head_size=2
dropout=0.27511804556669317
hidden_continuous_size=23
max_epochs=500
