gradient_clip_val=0.028280925479615224
learning_rate=0.006334371754302816
hidden_size=26
attention_head_size=3
dropout=0.15891148705750222
hidden_continuous_size=17
max_epochs=500
