gradient_clip_val=0.019865619651812168
learning_rate=0.009606626995929016
hidden_size=17
attention_head_size=2
dropout=0.2766976291252322
hidden_continuous_size=15
max_epochs=500
