gradient_clip_val=0.3761650071885234
learning_rate=0.005396246335316583
hidden_size=48
attention_head_size=4
dropout=0.1696112344030143
hidden_continuous_size=11
max_epochs=500
