gradient_clip_val=0.12861896911888746
learning_rate=0.04732364554200564
hidden_size=120
attention_head_size=2
dropout=0.2525963590039513
hidden_continuous_size=8
max_epochs=500
