gradient_clip_val=0.10238660168328412
learning_rate=0.008812363376651682
hidden_size=27
attention_head_size=2
dropout=0.11024267651176026
hidden_continuous_size=18
max_epochs=500
