gradient_clip_val=0.0741880427346845
learning_rate=0.020317370171630097
hidden_size=71
attention_head_size=2
dropout=0.19711344161198452
hidden_continuous_size=20
max_epochs=500
