gradient_clip_val=0.2131084258580529
learning_rate=0.025314121757438385
hidden_size=33
attention_head_size=4
dropout=0.1965867890115936
hidden_continuous_size=14
max_epochs=500
