gradient_clip_val=0.013814006651152367
learning_rate=0.009637496199226025
hidden_size=17
attention_head_size=3
dropout=0.12990732674570865
hidden_continuous_size=9
max_epochs=500
