gradient_clip_val=0.3292323472465064
learning_rate=0.05903519959085242
hidden_size=49
attention_head_size=1
dropout=0.24335260207013057
hidden_continuous_size=46
max_epochs=500
