gradient_clip_val=0.1398498681457137
learning_rate=0.015062516223919341
hidden_size=70
attention_head_size=1
dropout=0.27183394531062777
hidden_continuous_size=13
max_epochs=500
