gradient_clip_val=0.14170888020279335
learning_rate=0.005371086237951095
hidden_size=67
attention_head_size=2
dropout=0.1280611503291652
hidden_continuous_size=64
max_epochs=500
