gradient_clip_val=0.11256167008434115
learning_rate=0.012111814305126175
hidden_size=12
attention_head_size=1
dropout=0.20770108969678885
hidden_continuous_size=10
max_epochs=500
