gradient_clip_val=0.45111692378377505
learning_rate=0.02931136056858813
hidden_size=48
attention_head_size=2
dropout=0.2241828748673962
hidden_continuous_size=10
max_epochs=500
