gradient_clip_val=0.02231263651247541
learning_rate=0.010892694421384755
hidden_size=16
attention_head_size=2
dropout=0.29550551596162505
hidden_continuous_size=10
max_epochs=500
