gradient_clip_val=0.0996663332623651
learning_rate=0.08302990471251692
hidden_size=12
attention_head_size=1
dropout=0.14277295625951547
hidden_continuous_size=8
max_epochs=500
