gradient_clip_val=0.2291947699588481
learning_rate=0.002217653853413594
hidden_size=32
attention_head_size=2
dropout=0.12424542668340469
hidden_continuous_size=10
max_epochs=500
