gradient_clip_val=0.3852252091371975
learning_rate=0.01514871481948764
hidden_size=36
attention_head_size=4
dropout=0.1992381876724032
hidden_continuous_size=10
max_epochs=500
