gradient_clip_val=0.12691809937681942
learning_rate=0.011189499036924996
hidden_size=10
attention_head_size=4
dropout=0.1401540306293251
hidden_continuous_size=9
max_epochs=500
