gradient_clip_val=0.025288715956543795
learning_rate=0.0140371401957883
hidden_size=28
attention_head_size=3
dropout=0.29719548051434325
hidden_continuous_size=10
max_epochs=500
