gradient_clip_val=0.22954240262799777
learning_rate=0.011819435676454687
hidden_size=113
attention_head_size=2
dropout=0.2709082978437099
hidden_continuous_size=62
max_epochs=500
