gradient_clip_val=0.012764674549154007
learning_rate=0.0048395300775959564
hidden_size=74
attention_head_size=1
dropout=0.28189899520648526
hidden_continuous_size=31
max_epochs=500
