gradient_clip_val=0.2356726915777407
learning_rate=0.0013179498266234625
hidden_size=103
attention_head_size=3
dropout=0.16005417535964972
hidden_continuous_size=11
max_epochs=500
