gradient_clip_val=0.2222918401340406
learning_rate=0.01683125558237924
hidden_size=89
attention_head_size=4
dropout=0.1717087941836362
hidden_continuous_size=14
max_epochs=500
