gradient_clip_val=0.015516429560792673
learning_rate=0.004410480438874856
hidden_size=61
attention_head_size=1
dropout=0.25534604658217486
hidden_continuous_size=27
max_epochs=500
