gradient_clip_val=0.035174361603471566
learning_rate=0.023939195378577735
hidden_size=41
attention_head_size=1
dropout=0.25877855125373317
hidden_continuous_size=18
max_epochs=500
