gradient_clip_val=0.04226104743999416
learning_rate=0.028710140415893308
hidden_size=28
attention_head_size=2
dropout=0.26595030353753835
hidden_continuous_size=10
max_epochs=500
