gradient_clip_val=0.13405034799907176
learning_rate=0.06779894943876233
hidden_size=66
attention_head_size=4
dropout=0.28570300846872115
hidden_continuous_size=43
max_epochs=500
