gradient_clip_val=0.031193735468391607
learning_rate=0.0011289537811367105
hidden_size=26
attention_head_size=4
dropout=0.26068927306305095
hidden_continuous_size=26
max_epochs=500
