gradient_clip_val=0.02679305644940599
learning_rate=0.0019771413252702603
hidden_size=78
attention_head_size=2
dropout=0.26972386038431795
hidden_continuous_size=12
max_epochs=500
