gradient_clip_val=0.01709164046489857
learning_rate=0.026787315968088324
hidden_size=89
attention_head_size=2
dropout=0.2299176603112631
hidden_continuous_size=9
max_epochs=500
