gradient_clip_val=0.11100345579425709
learning_rate=0.006403597356667128
hidden_size=9
attention_head_size=2
dropout=0.2549270364701311
hidden_continuous_size=8
max_epochs=500
