gradient_clip_val=0.011753243793875382
learning_rate=0.04742282111373607
hidden_size=103
attention_head_size=1
dropout=0.15065785974088544
hidden_continuous_size=15
max_epochs=500
