gradient_clip_val=0.1319741967508832
learning_rate=0.0053554347564310645
hidden_size=10
attention_head_size=3
dropout=0.26591315076334276
hidden_continuous_size=9
max_epochs=500
