gradient_clip_val=0.04680107481355647
learning_rate=0.0017996830355297597
hidden_size=27
attention_head_size=2
dropout=0.11186380460021222
hidden_continuous_size=26
max_epochs=500
