gradient_clip_val=0.7227870508278447
learning_rate=0.02976721349694517
hidden_size=10
attention_head_size=4
dropout=0.1502712661998395
hidden_continuous_size=8
max_epochs=500
