gradient_clip_val=0.8427090452966866
learning_rate=0.04170080424226128
hidden_size=87
attention_head_size=1
dropout=0.27905868150861
hidden_continuous_size=42
max_epochs=500
