gradient_clip_val=0.013821945637590694
learning_rate=0.0021967682165524704
hidden_size=37
attention_head_size=3
dropout=0.2866020780804548
hidden_continuous_size=14
max_epochs=500
