gradient_clip_val=0.03526796178524769
learning_rate=0.018303862119811054
hidden_size=48
attention_head_size=3
dropout=0.12026477772559263
hidden_continuous_size=46
max_epochs=500
