gradient_clip_val=0.021794475522742253
learning_rate=0.021666334812548125
hidden_size=56
attention_head_size=1
dropout=0.13196999317341826
hidden_continuous_size=47
max_epochs=500
