gradient_clip_val=0.03489195867924435
learning_rate=0.009453454381798997
hidden_size=47
attention_head_size=2
dropout=0.20649158326318506
hidden_continuous_size=25
max_epochs=500
