gradient_clip_val=0.015353660038008133
learning_rate=0.0012243583501755648
hidden_size=10
attention_head_size=4
dropout=0.16760044192346413
hidden_continuous_size=9
max_epochs=500
