gradient_clip_val=0.8733442671344127
learning_rate=0.014907093814635494
hidden_size=74
attention_head_size=3
dropout=0.21468938245564714
hidden_continuous_size=35
max_epochs=500
