gradient_clip_val=0.06340392724118975
learning_rate=0.0881077263239113
hidden_size=106
attention_head_size=1
dropout=0.23551328338309363
hidden_continuous_size=42
max_epochs=500
