gradient_clip_val=0.013935808841776502
learning_rate=0.006780676148767725
hidden_size=23
attention_head_size=3
dropout=0.138515478998692
hidden_continuous_size=12
max_epochs=500
