gradient_clip_val=0.07046291018027087
learning_rate=0.04416068673660536
hidden_size=8
attention_head_size=3
dropout=0.10439903114059618
hidden_continuous_size=8
max_epochs=500
