gradient_clip_val=0.017716502510028063
learning_rate=0.00830217729474672
hidden_size=62
attention_head_size=1
dropout=0.16745811832687615
hidden_continuous_size=46
max_epochs=500
