gradient_clip_val=0.159460683803593
learning_rate=0.002875533368788293
hidden_size=9
attention_head_size=3
dropout=0.2391122946402872
hidden_continuous_size=8
max_epochs=500
