gradient_clip_val=0.23724618184084786
learning_rate=0.0373536266038143
hidden_size=57
attention_head_size=4
dropout=0.21160207967088848
hidden_continuous_size=12
max_epochs=500
