gradient_clip_val=0.32676153905432265
learning_rate=0.0173265001370947
hidden_size=44
attention_head_size=4
dropout=0.27383571406616447
hidden_continuous_size=36
max_epochs=500
