gradient_clip_val=0.8297914168977166
learning_rate=0.026411479341407657
hidden_size=12
attention_head_size=4
dropout=0.1850194489660696
hidden_continuous_size=9
max_epochs=500
