gradient_clip_val=0.04706448006538724
learning_rate=0.0018944375637387505
hidden_size=45
attention_head_size=2
dropout=0.26454679862025604
hidden_continuous_size=11
max_epochs=500
