gradient_clip_val=0.15622766812004218
learning_rate=0.016329616270644297
hidden_size=52
attention_head_size=4
dropout=0.1281064354886205
hidden_continuous_size=42
max_epochs=500
