gradient_clip_val=0.2182726917876016
learning_rate=0.03355936331642333
hidden_size=34
attention_head_size=1
dropout=0.11928711062786068
hidden_continuous_size=9
max_epochs=500
