gradient_clip_val=0.35462804628710143
learning_rate=0.024536677446096083
hidden_size=15
attention_head_size=2
dropout=0.29198863004013553
hidden_continuous_size=8
max_epochs=500
