gradient_clip_val=0.02714523718185116
learning_rate=0.011959966232883023
hidden_size=15
attention_head_size=4
dropout=0.2239064599727175
hidden_continuous_size=8
max_epochs=500
