gradient_clip_val=0.0335184434699541
learning_rate=0.0018729792964258885
hidden_size=18
attention_head_size=2
dropout=0.1599129252938392
hidden_continuous_size=8
max_epochs=500
