gradient_clip_val=0.02429368712693388
learning_rate=0.03268893593037282
hidden_size=87
attention_head_size=3
dropout=0.13295634892202343
hidden_continuous_size=32
max_epochs=500
