gradient_clip_val=0.048793476007497276
learning_rate=0.016135530712664894
hidden_size=22
attention_head_size=1
dropout=0.14746190049749555
hidden_continuous_size=16
max_epochs=500
