gradient_clip_val=0.23678920422593
learning_rate=0.018520869906408707
hidden_size=21
attention_head_size=2
dropout=0.27735968238848646
hidden_continuous_size=14
max_epochs=500
