gradient_clip_val=0.2377767364481251
learning_rate=0.015475877918735453
hidden_size=112
attention_head_size=2
dropout=0.11006844367541882
hidden_continuous_size=93
max_epochs=500
