gradient_clip_val=0.027063693963926293
learning_rate=0.04087613734947389
hidden_size=22
attention_head_size=4
dropout=0.20406315009552933
hidden_continuous_size=14
max_epochs=500
