gradient_clip_val=0.01345333439307301
learning_rate=0.004170718467514444
hidden_size=19
attention_head_size=2
dropout=0.14447010861047987
hidden_continuous_size=10
max_epochs=500
