gradient_clip_val=0.014054081809630234
learning_rate=0.005771342245983915
hidden_size=42
attention_head_size=1
dropout=0.21577417195504184
hidden_continuous_size=11
max_epochs=500
