gradient_clip_val=0.045860727427076316
learning_rate=0.0514484188885695
hidden_size=26
attention_head_size=1
dropout=0.22362269815061064
hidden_continuous_size=19
max_epochs=500
