gradient_clip_val=0.7442324881736155
learning_rate=0.05777070028944911
hidden_size=42
attention_head_size=3
dropout=0.2152685686614787
hidden_continuous_size=30
max_epochs=500
