gradient_clip_val=0.4824927782600819
learning_rate=0.021624545382592248
hidden_size=70
attention_head_size=4
dropout=0.12254933156592979
hidden_continuous_size=63
max_epochs=500
