gradient_clip_val=0.016490306518322385
learning_rate=0.00271649710386546
hidden_size=113
attention_head_size=1
dropout=0.16121050068555862
hidden_continuous_size=9
max_epochs=500
