gradient_clip_val=0.03922930367564348
learning_rate=0.04402370566854055
hidden_size=9
attention_head_size=4
dropout=0.2812105279959919
hidden_continuous_size=8
max_epochs=500
