gradient_clip_val=0.6171269935251158
learning_rate=0.006168784968032242
hidden_size=20
attention_head_size=3
dropout=0.2536424511004449
hidden_continuous_size=13
max_epochs=500
