gradient_clip_val=0.4852025361448439
learning_rate=0.009552547795368321
hidden_size=12
attention_head_size=4
dropout=0.10726828720668016
hidden_continuous_size=8
max_epochs=500
