gradient_clip_val=0.49059018460953074
learning_rate=0.0052669305182566645
hidden_size=41
attention_head_size=2
dropout=0.13604872721638644
hidden_continuous_size=32
max_epochs=500
