gradient_clip_val=0.11835271324943346
learning_rate=0.0030057026068418665
hidden_size=114
attention_head_size=3
dropout=0.2338771810425667
hidden_continuous_size=27
max_epochs=500
