gradient_clip_val=0.10589522518553983
learning_rate=0.0014731855968053212
hidden_size=14
attention_head_size=2
dropout=0.10933577513781417
hidden_continuous_size=10
max_epochs=500
