gradient_clip_val=0.05461690938691384
learning_rate=0.0589140105234564
hidden_size=64
attention_head_size=3
dropout=0.2614720294489676
hidden_continuous_size=15
max_epochs=500
