gradient_clip_val=0.11938562644879827
learning_rate=0.004403303375075725
hidden_size=21
attention_head_size=2
dropout=0.1561595182377853
hidden_continuous_size=17
max_epochs=500
