gradient_clip_val=0.8887704011986083
learning_rate=0.03311837993983075
hidden_size=15
attention_head_size=2
dropout=0.2392034548469557
hidden_continuous_size=8
max_epochs=500
