gradient_clip_val=0.5039045517908173
learning_rate=0.03356533689417843
hidden_size=77
attention_head_size=3
dropout=0.27205818773430623
hidden_continuous_size=54
max_epochs=500
