gradient_clip_val=0.41281230450486983
learning_rate=0.06418068572788006
hidden_size=128
attention_head_size=1
dropout=0.2632575546413827
hidden_continuous_size=50
max_epochs=500
