gradient_clip_val=0.034681950503605244
learning_rate=0.01796999140388956
hidden_size=57
attention_head_size=4
dropout=0.11349990498268957
hidden_continuous_size=8
max_epochs=500
