gradient_clip_val=0.8316612153205338
learning_rate=0.027809657583445287
hidden_size=15
attention_head_size=1
dropout=0.2977533821187731
hidden_continuous_size=12
max_epochs=500
