gradient_clip_val=0.024071712794325434
learning_rate=0.06139936041520537
hidden_size=71
attention_head_size=1
dropout=0.2560743711221941
hidden_continuous_size=49
max_epochs=500
