gradient_clip_val=0.324501901579234
learning_rate=0.002557256747521468
hidden_size=53
attention_head_size=3
dropout=0.10784310167506715
hidden_continuous_size=13
max_epochs=500
