gradient_clip_val=0.0851345259248685
learning_rate=0.0819332291250629
hidden_size=30
attention_head_size=1
dropout=0.25435532910706393
hidden_continuous_size=8
max_epochs=500
