gradient_clip_val=0.040115477151027895
learning_rate=0.0421123510725182
hidden_size=54
attention_head_size=3
dropout=0.15747687169011937
hidden_continuous_size=18
max_epochs=500
