gradient_clip_val=0.073783572512126
learning_rate=0.0041064275175583835
hidden_size=35
attention_head_size=4
dropout=0.20718279886567875
hidden_continuous_size=35
max_epochs=500
