gradient_clip_val=0.0350385575967584
learning_rate=0.0024542259982004975
hidden_size=35
attention_head_size=3
dropout=0.2987593385738463
hidden_continuous_size=28
max_epochs=500
