gradient_clip_val=0.08230436168328548
learning_rate=0.002545178390663307
hidden_size=55
attention_head_size=1
dropout=0.23626984309731094
hidden_continuous_size=55
max_epochs=500
