gradient_clip_val=0.03173291734778172
learning_rate=0.032394716897289684
hidden_size=13
attention_head_size=3
dropout=0.1475469594258944
hidden_continuous_size=9
max_epochs=500
