gradient_clip_val=0.38912545092607514
learning_rate=0.004881736869943808
hidden_size=71
attention_head_size=1
dropout=0.20498097467572673
hidden_continuous_size=11
max_epochs=500
