gradient_clip_val=0.28714396841607864
learning_rate=0.021134921369578844
hidden_size=35
attention_head_size=4
dropout=0.11932813973479627
hidden_continuous_size=14
max_epochs=500
