gradient_clip_val=0.39598454190179894
learning_rate=0.0020500810841671633
hidden_size=13
attention_head_size=1
dropout=0.2963618974345925
hidden_continuous_size=8
max_epochs=500
