gradient_clip_val=0.031064588360930154
learning_rate=0.013595566134302465
hidden_size=8
attention_head_size=3
dropout=0.19091546832278228
hidden_continuous_size=8
max_epochs=500
