gradient_clip_val=0.026631159159963808
learning_rate=0.0012333202391155663
hidden_size=15
attention_head_size=2
dropout=0.22188647474325013
hidden_continuous_size=11
max_epochs=500
