gradient_clip_val=0.290261453851102
learning_rate=0.00317569130817633
hidden_size=45
attention_head_size=1
dropout=0.29816165264753824
hidden_continuous_size=10
max_epochs=500
