gradient_clip_val=0.22515670537907534
learning_rate=0.0013434915790065912
hidden_size=19
attention_head_size=4
dropout=0.19958356776540087
hidden_continuous_size=8
max_epochs=500
