gradient_clip_val=0.1923157411356441
learning_rate=0.02143097243085918
hidden_size=69
attention_head_size=1
dropout=0.27860050245096774
hidden_continuous_size=21
max_epochs=500
