gradient_clip_val=0.019905396250015195
learning_rate=0.030187075549692608
hidden_size=9
attention_head_size=3
dropout=0.17375924045998736
hidden_continuous_size=9
max_epochs=500
