gradient_clip_val=0.43073380294153624
learning_rate=0.009963868767385165
hidden_size=25
attention_head_size=1
dropout=0.17512050431966716
hidden_continuous_size=11
max_epochs=500
