gradient_clip_val=0.023173366585674645
learning_rate=0.0020710645603942333
hidden_size=27
attention_head_size=3
dropout=0.25763230797074643
hidden_continuous_size=13
max_epochs=500
