gradient_clip_val=0.19087531052047643
learning_rate=0.004163085990196995
hidden_size=8
attention_head_size=2
dropout=0.215618577255819
hidden_continuous_size=8
max_epochs=500
