gradient_clip_val=0.0735367251098067
learning_rate=0.001049671349141702
hidden_size=69
attention_head_size=2
dropout=0.29707520489586925
hidden_continuous_size=21
max_epochs=500
