gradient_clip_val=0.0845613869421026
learning_rate=0.006297964344790223
hidden_size=39
attention_head_size=2
dropout=0.1387870616486298
hidden_continuous_size=29
max_epochs=500
