gradient_clip_val=0.02439205901935167
learning_rate=0.003493723121590973
hidden_size=59
attention_head_size=3
dropout=0.17741030541337005
hidden_continuous_size=10
max_epochs=500
