gradient_clip_val=0.22552446362287065
learning_rate=0.034871792569907085
hidden_size=11
attention_head_size=3
dropout=0.13047726109198737
hidden_continuous_size=10
max_epochs=500
