gradient_clip_val=0.40335304125115645
learning_rate=0.007405828880282348
hidden_size=100
attention_head_size=1
dropout=0.29638432291308536
hidden_continuous_size=8
max_epochs=500
