gradient_clip_val=0.012868822664152657
learning_rate=0.0023252453754069
hidden_size=18
attention_head_size=4
dropout=0.2943154102646768
hidden_continuous_size=8
max_epochs=500
