gradient_clip_val=0.27566331744568845
learning_rate=0.0038151789808736655
hidden_size=68
attention_head_size=1
dropout=0.28930238950432463
hidden_continuous_size=22
max_epochs=500
