gradient_clip_val=0.09039684946413287
learning_rate=0.018074713664074413
hidden_size=12
attention_head_size=1
dropout=0.2363453619327899
hidden_continuous_size=10
max_epochs=500
