gradient_clip_val=0.016188817635986726
learning_rate=0.002478041661398084
hidden_size=65
attention_head_size=2
dropout=0.27652380233541674
hidden_continuous_size=38
max_epochs=500
