gradient_clip_val=0.18306061084658853
learning_rate=0.00136810021360555
hidden_size=9
attention_head_size=4
dropout=0.1500459081064472
hidden_continuous_size=9
max_epochs=500
