gradient_clip_val=0.5191957354582667
learning_rate=0.0078987123301176
hidden_size=12
attention_head_size=3
dropout=0.22298708494135827
hidden_continuous_size=8
max_epochs=500
