gradient_clip_val=0.026590119443082795
learning_rate=0.0010804984722065127
hidden_size=25
attention_head_size=1
dropout=0.19695639024331843
hidden_continuous_size=9
max_epochs=500
