gradient_clip_val=0.15404627546063782
learning_rate=0.00682864094568906
hidden_size=73
attention_head_size=2
dropout=0.1434919292639612
hidden_continuous_size=41
max_epochs=500
