gradient_clip_val=0.1275612887051514
learning_rate=0.03240737936892958
hidden_size=24
attention_head_size=2
dropout=0.13019601687757523
hidden_continuous_size=20
max_epochs=500
