gradient_clip_val=0.3364873586847264
learning_rate=0.005028477930773294
hidden_size=30
attention_head_size=3
dropout=0.13718545790438683
hidden_continuous_size=15
max_epochs=500
