gradient_clip_val=0.7758942278183988
learning_rate=0.021843154529454477
hidden_size=11
attention_head_size=2
dropout=0.11788585693964078
hidden_continuous_size=10
max_epochs=500
