gradient_clip_val=0.018049412540739322
learning_rate=0.0071559109326168
hidden_size=115
attention_head_size=4
dropout=0.11932759037145996
hidden_continuous_size=11
max_epochs=500
