gradient_clip_val=0.1341822452809286
learning_rate=0.06277138538118039
hidden_size=24
attention_head_size=2
dropout=0.13800334138950127
hidden_continuous_size=18
max_epochs=500
