gradient_clip_val=0.15358756195191509
learning_rate=0.00199462169129274
hidden_size=59
attention_head_size=4
dropout=0.16540584762690705
hidden_continuous_size=40
max_epochs=500
