gradient_clip_val=0.1863789486824352
learning_rate=0.01627487245135078
hidden_size=53
attention_head_size=3
dropout=0.16144056377659116
hidden_continuous_size=35
max_epochs=500
