gradient_clip_val=0.30427015356154186
learning_rate=0.0011454068688713807
hidden_size=32
attention_head_size=2
dropout=0.23438380190024924
hidden_continuous_size=21
max_epochs=500
