gradient_clip_val=0.2520672395344255
learning_rate=0.01155125147757158
hidden_size=34
attention_head_size=4
dropout=0.2523261957609908
hidden_continuous_size=28
max_epochs=500
