gradient_clip_val=0.011099063027101432
learning_rate=0.01938742377864554
hidden_size=19
attention_head_size=3
dropout=0.20938576764749156
hidden_continuous_size=17
max_epochs=500
