gradient_clip_val=0.9340990172798301
learning_rate=0.09399909454780324
hidden_size=27
attention_head_size=2
dropout=0.10140473808366415
hidden_continuous_size=23
max_epochs=500
