gradient_clip_val=0.14249689068717722
learning_rate=0.009048921849413345
hidden_size=16
attention_head_size=2
dropout=0.12087639176561141
hidden_continuous_size=13
max_epochs=500
