gradient_clip_val=0.07552596183308231
learning_rate=0.07767653901967826
hidden_size=14
attention_head_size=2
dropout=0.10766336441696014
hidden_continuous_size=9
max_epochs=500
