gradient_clip_val=0.030435853210579764
learning_rate=0.005442279524503042
hidden_size=14
attention_head_size=4
dropout=0.16802202050333098
hidden_continuous_size=14
max_epochs=500
