gradient_clip_val=0.4314462108619394
learning_rate=0.0012511462978011722
hidden_size=85
attention_head_size=3
dropout=0.15742128384540222
hidden_continuous_size=54
max_epochs=500
