gradient_clip_val=0.5208626266151306
learning_rate=0.014117296156129585
hidden_size=30
attention_head_size=3
dropout=0.2644631664635688
hidden_continuous_size=18
max_epochs=500
