gradient_clip_val=0.5981267388267598
learning_rate=0.010276152973848911
hidden_size=121
attention_head_size=2
dropout=0.12182747975158628
hidden_continuous_size=100
max_epochs=500
