gradient_clip_val=0.3435743461472761
learning_rate=0.054709786796932586
hidden_size=8
attention_head_size=3
dropout=0.20461159905191723
hidden_continuous_size=8
max_epochs=500
