gradient_clip_val=0.017374597090370033
learning_rate=0.08971764388428177
hidden_size=11
attention_head_size=2
dropout=0.12218953300112839
hidden_continuous_size=11
max_epochs=500
