gradient_clip_val=0.44571451525910727
learning_rate=0.003659759699082349
hidden_size=8
attention_head_size=3
dropout=0.22833120736829296
hidden_continuous_size=8
max_epochs=500
