gradient_clip_val=0.17748637833656308
learning_rate=0.013681121377496734
hidden_size=9
attention_head_size=3
dropout=0.21125016142882336
hidden_continuous_size=8
max_epochs=500
