gradient_clip_val=0.09480911857095796
learning_rate=0.0022997542863806694
hidden_size=81
attention_head_size=1
dropout=0.1455088110630935
hidden_continuous_size=34
max_epochs=500
