gradient_clip_val=0.6470404695989633
learning_rate=0.005078400200679071
hidden_size=23
attention_head_size=2
dropout=0.1426816022889959
hidden_continuous_size=17
max_epochs=500
