gradient_clip_val=0.30657635440711467
learning_rate=0.04162926278255796
hidden_size=37
attention_head_size=2
dropout=0.13594265601832195
hidden_continuous_size=11
max_epochs=500
