gradient_clip_val=0.2828718342478323
learning_rate=0.00650560318407222
hidden_size=12
attention_head_size=1
dropout=0.2271587054304979
hidden_continuous_size=11
max_epochs=500
