gradient_clip_val=0.024768028415453593
learning_rate=0.006685830505019782
hidden_size=59
attention_head_size=1
dropout=0.23661203144485096
hidden_continuous_size=38
max_epochs=500
