gradient_clip_val=0.06703127616696192
learning_rate=0.003930659858726605
hidden_size=23
attention_head_size=3
dropout=0.209698552840166
hidden_continuous_size=14
max_epochs=500
