gradient_clip_val=0.018770131935981132
learning_rate=0.09391040258545102
hidden_size=79
attention_head_size=1
dropout=0.2768038908108383
hidden_continuous_size=13
max_epochs=500
