gradient_clip_val=0.5122152929206737
learning_rate=0.011183569448070656
hidden_size=84
attention_head_size=1
dropout=0.15442347901540074
hidden_continuous_size=16
max_epochs=500
