gradient_clip_val=0.23881180920114106
learning_rate=0.07293072796272919
hidden_size=70
attention_head_size=1
dropout=0.20244815296031
hidden_continuous_size=30
max_epochs=500
