gradient_clip_val=0.022569761283497355
learning_rate=0.026297041378926068
hidden_size=30
attention_head_size=1
dropout=0.20115604288894567
hidden_continuous_size=14
max_epochs=500
