gradient_clip_val=0.0719729687193383
learning_rate=0.02592962330567659
hidden_size=9
attention_head_size=2
dropout=0.18906072014729103
hidden_continuous_size=8
max_epochs=500
