gradient_clip_val=0.3162970602484461
learning_rate=0.0025638837614539874
hidden_size=12
attention_head_size=2
dropout=0.207411731582685
hidden_continuous_size=9
max_epochs=500
