gradient_clip_val=0.0782303023695888
learning_rate=0.08039260974771853
hidden_size=67
attention_head_size=2
dropout=0.2638412792498101
hidden_continuous_size=9
max_epochs=500
