gradient_clip_val=0.0247618518721978
learning_rate=0.01128942124745072
hidden_size=69
attention_head_size=3
dropout=0.18037922220348881
hidden_continuous_size=42
max_epochs=500
