gradient_clip_val=0.15875726451990146
learning_rate=0.001192061672809515
hidden_size=76
attention_head_size=2
dropout=0.29874067200317
hidden_continuous_size=63
max_epochs=500
