gradient_clip_val=0.48516382900837557
learning_rate=0.007954603269111245
hidden_size=84
attention_head_size=4
dropout=0.14616602519213512
hidden_continuous_size=9
max_epochs=500
