gradient_clip_val=0.037902764064300216
learning_rate=0.0022531059600462144
hidden_size=24
attention_head_size=3
dropout=0.15072369414344122
hidden_continuous_size=11
max_epochs=500
