gradient_clip_val=0.4359913126875221
learning_rate=0.0726016690107011
hidden_size=14
attention_head_size=3
dropout=0.25350067114399155
hidden_continuous_size=13
max_epochs=500
