gradient_clip_val=0.5305188646802511
learning_rate=0.042807777843311794
hidden_size=17
attention_head_size=1
dropout=0.10278187048261839
hidden_continuous_size=9
max_epochs=500
