gradient_clip_val=0.5388498189966641
learning_rate=0.016436985128864774
hidden_size=16
attention_head_size=3
dropout=0.1380788389654294
hidden_continuous_size=13
max_epochs=500
