gradient_clip_val=0.13886567174687964
learning_rate=0.001560064585396071
hidden_size=75
attention_head_size=1
dropout=0.2618082176155068
hidden_continuous_size=14
max_epochs=500
