gradient_clip_val=0.25011085767704794
learning_rate=0.0033659887994573184
hidden_size=19
attention_head_size=3
dropout=0.1680344499252242
hidden_continuous_size=9
max_epochs=500
