gradient_clip_val=0.06877401341986164
learning_rate=0.0015856358661945735
hidden_size=8
attention_head_size=1
dropout=0.12022728980969362
hidden_continuous_size=8
max_epochs=500
