gradient_clip_val=0.9020857380609116
learning_rate=0.017319013165224877
hidden_size=108
attention_head_size=2
dropout=0.14975377015611147
hidden_continuous_size=17
max_epochs=500
