gradient_clip_val=0.7393008792577027
learning_rate=0.002477604304151696
hidden_size=33
attention_head_size=4
dropout=0.22312885042177172
hidden_continuous_size=16
max_epochs=500
