gradient_clip_val=0.19920191109704727
learning_rate=0.007978886271677
hidden_size=15
attention_head_size=3
dropout=0.11095440505108987
hidden_continuous_size=11
max_epochs=500
