gradient_clip_val=0.035181134160467385
learning_rate=0.0021432553236306264
hidden_size=44
attention_head_size=2
dropout=0.16285693202747917
hidden_continuous_size=24
max_epochs=500
