gradient_clip_val=0.3286940731843721
learning_rate=0.06164175482509736
hidden_size=16
attention_head_size=1
dropout=0.24178808206572935
hidden_continuous_size=12
max_epochs=500
