gradient_clip_val=0.04453527925843223
learning_rate=0.0029462482040202363
hidden_size=68
attention_head_size=4
dropout=0.2992531440641414
hidden_continuous_size=32
max_epochs=500
