gradient_clip_val=0.1358167965229884
learning_rate=0.017052433289972965
hidden_size=17
attention_head_size=4
dropout=0.12814156462254606
hidden_continuous_size=8
max_epochs=500
