gradient_clip_val=0.016780356942783205
learning_rate=0.006760317408198726
hidden_size=120
attention_head_size=4
dropout=0.18879715107083528
hidden_continuous_size=80
max_epochs=500
