gradient_clip_val=0.1885136413513682
learning_rate=0.005007541262888659
hidden_size=99
attention_head_size=3
dropout=0.27474003893109583
hidden_continuous_size=9
max_epochs=500
