gradient_clip_val=0.49543825755296755
learning_rate=0.03896215937878456
hidden_size=117
attention_head_size=2
dropout=0.2969954050245989
hidden_continuous_size=69
max_epochs=500
