gradient_clip_val=0.011297982952479994
learning_rate=0.002346603478912111
hidden_size=39
attention_head_size=1
dropout=0.20098999120235755
hidden_continuous_size=9
max_epochs=500
