gradient_clip_val=0.051696976618149884
learning_rate=0.002583580803104916
hidden_size=24
attention_head_size=1
dropout=0.20212945242036645
hidden_continuous_size=8
max_epochs=500
