gradient_clip_val=0.5327284012214628
learning_rate=0.04627617835870093
hidden_size=12
attention_head_size=4
dropout=0.14927435766636304
hidden_continuous_size=8
max_epochs=500
