gradient_clip_val=0.05905796352087106
learning_rate=0.011067985572342441
hidden_size=19
attention_head_size=3
dropout=0.18719833471635644
hidden_continuous_size=11
max_epochs=500
