gradient_clip_val=0.02346823374493612
learning_rate=0.003717888057716671
hidden_size=15
attention_head_size=4
dropout=0.10560538319230489
hidden_continuous_size=13
max_epochs=500
