gradient_clip_val=0.03169680792755907
learning_rate=0.0916467591329909
hidden_size=110
attention_head_size=1
dropout=0.10768907602038219
hidden_continuous_size=47
max_epochs=500
