gradient_clip_val=0.29425244558760405
learning_rate=0.04177458708372176
hidden_size=110
attention_head_size=4
dropout=0.16272110294666112
hidden_continuous_size=9
max_epochs=500
