gradient_clip_val=0.06073241928520758
learning_rate=0.002962916970903929
hidden_size=116
attention_head_size=4
dropout=0.1381804203262303
hidden_continuous_size=12
max_epochs=500
