gradient_clip_val=0.24175443350103665
learning_rate=0.003059438182149048
hidden_size=106
attention_head_size=2
dropout=0.25518293245920853
hidden_continuous_size=43
max_epochs=500
