gradient_clip_val=0.3113738196158347
learning_rate=0.017524317342155198
hidden_size=20
attention_head_size=3
dropout=0.20763311861179687
hidden_continuous_size=11
max_epochs=500
