gradient_clip_val=0.25865922877367653
learning_rate=0.0020494592001603874
hidden_size=15
attention_head_size=2
dropout=0.20476235728814074
hidden_continuous_size=9
max_epochs=500
