gradient_clip_val=0.12505794613147714
learning_rate=0.001402778405419615
hidden_size=18
attention_head_size=2
dropout=0.2252923751122568
hidden_continuous_size=12
max_epochs=500
