gradient_clip_val=0.06263308375954614
learning_rate=0.0047449666647287276
hidden_size=58
attention_head_size=4
dropout=0.184464847950616
hidden_continuous_size=51
max_epochs=500
