gradient_clip_val=0.032282007884125066
learning_rate=0.001576242982549154
hidden_size=20
attention_head_size=1
dropout=0.2016935791510474
hidden_continuous_size=11
max_epochs=500
