gradient_clip_val=0.017565367652181405
learning_rate=0.04485795843283323
hidden_size=89
attention_head_size=1
dropout=0.18496438090178846
hidden_continuous_size=43
max_epochs=500
