gradient_clip_val=0.877708389099432
learning_rate=0.030127505090017676
hidden_size=51
attention_head_size=2
dropout=0.16505828622555158
hidden_continuous_size=39
max_epochs=500
