gradient_clip_val=0.16232548385596374
learning_rate=0.020041084261476994
hidden_size=9
attention_head_size=3
dropout=0.27343097539323324
hidden_continuous_size=9
max_epochs=500
