gradient_clip_val=0.025466086744601858
learning_rate=0.0010871430730574339
hidden_size=32
attention_head_size=3
dropout=0.28899672803744747
hidden_continuous_size=26
max_epochs=500
