gradient_clip_val=0.018166611135428612
learning_rate=0.04521478471749228
hidden_size=11
attention_head_size=4
dropout=0.1392851922802208
hidden_continuous_size=10
max_epochs=500
