gradient_clip_val=0.051565368070843984
learning_rate=0.006359512137464365
hidden_size=14
attention_head_size=4
dropout=0.11169617349328398
hidden_continuous_size=9
max_epochs=500
