gradient_clip_val=0.11342425701225849
learning_rate=0.008675386206381974
hidden_size=14
attention_head_size=1
dropout=0.1913516920921171
hidden_continuous_size=8
max_epochs=500
