gradient_clip_val=0.020534790670500975
learning_rate=0.020732014384557174
hidden_size=16
attention_head_size=3
dropout=0.2155650004733196
hidden_continuous_size=10
max_epochs=500
