gradient_clip_val=0.06249609428207522
learning_rate=0.010744325317174825
hidden_size=103
attention_head_size=2
dropout=0.2641347407243876
hidden_continuous_size=75
max_epochs=500
