gradient_clip_val=0.16780626401719925
learning_rate=0.08400573655073675
hidden_size=9
attention_head_size=4
dropout=0.19892894630362
hidden_continuous_size=8
max_epochs=500
