gradient_clip_val=0.018038068481628478
learning_rate=0.07659587227072749
hidden_size=20
attention_head_size=1
dropout=0.27846632461629295
hidden_continuous_size=17
max_epochs=500
