gradient_clip_val=0.30583648656236273
learning_rate=0.014160156993083019
hidden_size=31
attention_head_size=1
dropout=0.2580855406645838
hidden_continuous_size=14
max_epochs=500
