gradient_clip_val=0.017870568840976268
learning_rate=0.004995714802266216
hidden_size=9
attention_head_size=4
dropout=0.18205054107150162
hidden_continuous_size=8
max_epochs=500
