gradient_clip_val=0.018823308631534277
learning_rate=0.012728412591977841
hidden_size=92
attention_head_size=4
dropout=0.17854584856816985
hidden_continuous_size=57
max_epochs=500
