gradient_clip_val=0.47605635095871635
learning_rate=0.035773004833033015
hidden_size=85
attention_head_size=1
dropout=0.1335491079287465
hidden_continuous_size=17
max_epochs=500
