gradient_clip_val=0.0111755976895707
learning_rate=0.0011670174584109607
hidden_size=26
attention_head_size=3
dropout=0.14019112709477027
hidden_continuous_size=24
max_epochs=500
