gradient_clip_val=0.124552964185726
learning_rate=0.004821560980723264
hidden_size=9
attention_head_size=4
dropout=0.12405292903441541
hidden_continuous_size=8
max_epochs=500
