gradient_clip_val=0.18425259345983744
learning_rate=0.0024812682401647588
hidden_size=8
attention_head_size=1
dropout=0.21367269652864035
hidden_continuous_size=8
max_epochs=500
