gradient_clip_val=0.06479777609316967
learning_rate=0.04265385046787827
hidden_size=11
attention_head_size=2
dropout=0.16816849309856616
hidden_continuous_size=11
max_epochs=500
