gradient_clip_val=0.025718068743016874
learning_rate=0.0019246557597053296
hidden_size=8
attention_head_size=1
dropout=0.255231669188292
hidden_continuous_size=8
max_epochs=500
