gradient_clip_val=0.12064865167328682
learning_rate=0.0114500535740737
hidden_size=63
attention_head_size=1
dropout=0.11999380350624858
hidden_continuous_size=10
max_epochs=500
