gradient_clip_val=0.04418246735819831
learning_rate=0.00154736684143533
hidden_size=11
attention_head_size=1
dropout=0.20745324862475245
hidden_continuous_size=10
max_epochs=500
