gradient_clip_val=0.012811068366000693
learning_rate=0.002902963300329565
hidden_size=30
attention_head_size=4
dropout=0.16682472156129602
hidden_continuous_size=29
max_epochs=500
