gradient_clip_val=0.21010416020109152
learning_rate=0.002943606617495721
hidden_size=41
attention_head_size=4
dropout=0.143079826643366
hidden_continuous_size=8
max_epochs=500
