gradient_clip_val=0.4782687786363349
learning_rate=0.05383862127370828
hidden_size=70
attention_head_size=3
dropout=0.17600138994371842
hidden_continuous_size=47
max_epochs=500
