gradient_clip_val=0.7751624853784835
learning_rate=0.0019678816912437904
hidden_size=32
attention_head_size=1
dropout=0.1864347878236043
hidden_continuous_size=31
max_epochs=500
