gradient_clip_val=0.021542666101464745
learning_rate=0.00400942883024675
hidden_size=30
attention_head_size=1
dropout=0.12229529373286295
hidden_continuous_size=19
max_epochs=500
