gradient_clip_val=0.1090615056095449
learning_rate=0.0010119339010371095
hidden_size=67
attention_head_size=4
dropout=0.2083523684126267
hidden_continuous_size=14
max_epochs=500
