gradient_clip_val=0.8596469472966182
learning_rate=0.05515858281941678
hidden_size=71
attention_head_size=1
dropout=0.18144002801484094
hidden_continuous_size=9
max_epochs=500
