gradient_clip_val=0.045499727274589896
learning_rate=0.0017908572747658913
hidden_size=39
attention_head_size=1
dropout=0.25618981773170857
hidden_continuous_size=19
max_epochs=500
