gradient_clip_val=0.1059656018102473
learning_rate=0.0041076499801830455
hidden_size=13
attention_head_size=1
dropout=0.13933529836725084
hidden_continuous_size=11
max_epochs=500
