gradient_clip_val=0.4424322320936171
learning_rate=0.0020138696486385757
hidden_size=29
attention_head_size=3
dropout=0.17336903554640146
hidden_continuous_size=8
max_epochs=500
