gradient_clip_val=0.016293580450046745
learning_rate=0.016107707003118785
hidden_size=14
attention_head_size=4
dropout=0.14736753128588198
hidden_continuous_size=14
max_epochs=500
