gradient_clip_val=0.6942673518000991
learning_rate=0.0017074587910261025
hidden_size=13
attention_head_size=1
dropout=0.15919374713671272
hidden_continuous_size=9
max_epochs=500
