gradient_clip_val=0.0594418630588528
learning_rate=0.041419243119300106
hidden_size=38
attention_head_size=2
dropout=0.18977158774946218
hidden_continuous_size=12
max_epochs=500
