gradient_clip_val=0.38692844997086007
learning_rate=0.06940417130359464
hidden_size=19
attention_head_size=4
dropout=0.16340017911826651
hidden_continuous_size=19
max_epochs=500
