gradient_clip_val=0.07386297993048387
learning_rate=0.05140628887619777
hidden_size=101
attention_head_size=2
dropout=0.12890577487458021
hidden_continuous_size=20
max_epochs=500
