gradient_clip_val=0.042529635345379985
learning_rate=0.00934361857737709
hidden_size=8
attention_head_size=2
dropout=0.28172661017924283
hidden_continuous_size=8
max_epochs=500
