gradient_clip_val=0.2061801252802742
learning_rate=0.021275592277927323
hidden_size=28
attention_head_size=4
dropout=0.10182305615334233
hidden_continuous_size=13
max_epochs=500
