gradient_clip_val=0.04574897683969107
learning_rate=0.002210455621742521
hidden_size=27
attention_head_size=4
dropout=0.2957425463493162
hidden_continuous_size=24
max_epochs=500
