gradient_clip_val=0.03289023774001021
learning_rate=0.001555677505156471
hidden_size=8
attention_head_size=4
dropout=0.18707706156177623
hidden_continuous_size=8
max_epochs=500
