gradient_clip_val=0.1452908429583057
learning_rate=0.09069641479699247
hidden_size=24
attention_head_size=4
dropout=0.28839586244145
hidden_continuous_size=16
max_epochs=500
