gradient_clip_val=0.825801711244543
learning_rate=0.0010618300725258546
hidden_size=8
attention_head_size=1
dropout=0.2512286063093949
hidden_continuous_size=8
max_epochs=500
