gradient_clip_val=0.49474013948841566
learning_rate=0.033395506717892987
hidden_size=47
attention_head_size=4
dropout=0.21407392542310164
hidden_continuous_size=33
max_epochs=500
