gradient_clip_val=0.3068429366114383
learning_rate=0.003622650997492754
hidden_size=23
attention_head_size=2
dropout=0.29926853266912123
hidden_continuous_size=10
max_epochs=500
