gradient_clip_val=0.02162092332953276
learning_rate=0.007272621227344736
hidden_size=20
attention_head_size=3
dropout=0.12801967841766151
hidden_continuous_size=12
max_epochs=500
