gradient_clip_val=0.5800296092652817
learning_rate=0.01441621451226151
hidden_size=17
attention_head_size=1
dropout=0.15412777500323815
hidden_continuous_size=16
max_epochs=500
