gradient_clip_val=0.4222101304075132
learning_rate=0.01908386184375747
hidden_size=120
attention_head_size=2
dropout=0.21033500402105848
hidden_continuous_size=8
max_epochs=500
