gradient_clip_val=0.038171879757857165
learning_rate=0.0022266922086234004
hidden_size=59
attention_head_size=2
dropout=0.1516280431551972
hidden_continuous_size=20
max_epochs=500
