gradient_clip_val=0.08007508379670784
learning_rate=0.026468486569615438
hidden_size=8
attention_head_size=1
dropout=0.14390808002456953
hidden_continuous_size=8
max_epochs=500
