gradient_clip_val=0.6983597537839745
learning_rate=0.05980367671559373
hidden_size=8
attention_head_size=1
dropout=0.19470413295809597
hidden_continuous_size=8
max_epochs=500
