gradient_clip_val=0.19234050942645853
learning_rate=0.0023367417262811483
hidden_size=18
attention_head_size=3
dropout=0.11527566977784871
hidden_continuous_size=9
max_epochs=500
