gradient_clip_val=0.13208458633759904
learning_rate=0.008168770793395664
hidden_size=58
attention_head_size=3
dropout=0.24625762617500305
hidden_continuous_size=29
max_epochs=500
