gradient_clip_val=0.5661135675392476
learning_rate=0.016811986758307765
hidden_size=59
attention_head_size=4
dropout=0.12834757417453957
hidden_continuous_size=21
max_epochs=500
