gradient_clip_val=0.010290647759813129
learning_rate=0.0385855075547879
hidden_size=33
attention_head_size=3
dropout=0.10206128534215438
hidden_continuous_size=10
max_epochs=500
