gradient_clip_val=0.7807293731994449
learning_rate=0.001461689992126166
hidden_size=117
attention_head_size=3
dropout=0.14466966677233925
hidden_continuous_size=45
max_epochs=500
