gradient_clip_val=0.03397063126830673
learning_rate=0.09715270499521826
hidden_size=126
attention_head_size=1
dropout=0.1934899990123376
hidden_continuous_size=47
max_epochs=500
