gradient_clip_val=0.6214541565629247
learning_rate=0.04533594259640577
hidden_size=88
attention_head_size=2
dropout=0.1574165226290742
hidden_continuous_size=17
max_epochs=500
