gradient_clip_val=0.010873777843693712
learning_rate=0.0013101043385827017
hidden_size=46
attention_head_size=3
dropout=0.20990500466945003
hidden_continuous_size=9
max_epochs=500
