gradient_clip_val=0.3906994042214843
learning_rate=0.0010872572598929725
hidden_size=12
attention_head_size=2
dropout=0.19648020275838296
hidden_continuous_size=10
max_epochs=500
