gradient_clip_val=0.16518089525848378
learning_rate=0.013350243215186498
hidden_size=28
attention_head_size=1
dropout=0.26064668246750944
hidden_continuous_size=18
max_epochs=500
