gradient_clip_val=0.33941120845252926
learning_rate=0.002707689047584364
hidden_size=31
attention_head_size=1
dropout=0.28871247358757746
hidden_continuous_size=13
max_epochs=500
