gradient_clip_val=0.017512980600663797
learning_rate=0.010498936512836727
hidden_size=84
attention_head_size=2
dropout=0.2935464241933675
hidden_continuous_size=31
max_epochs=500
