gradient_clip_val=0.026079184211783606
learning_rate=0.0011801980587783838
hidden_size=128
attention_head_size=3
dropout=0.12999894262156034
hidden_continuous_size=18
max_epochs=500
