gradient_clip_val=0.012169380591364303
learning_rate=0.003005990076528852
hidden_size=21
attention_head_size=2
dropout=0.29893377016113554
hidden_continuous_size=11
max_epochs=500
