gradient_clip_val=0.03923346306455223
learning_rate=0.006135210543153081
hidden_size=101
attention_head_size=2
dropout=0.15312401471014717
hidden_continuous_size=14
max_epochs=500
