gradient_clip_val=0.11262351795984346
learning_rate=0.04672131878310305
hidden_size=15
attention_head_size=4
dropout=0.14063972427723528
hidden_continuous_size=12
max_epochs=500
