gradient_clip_val=0.5675973900636861
learning_rate=0.004417452635778166
hidden_size=31
attention_head_size=2
dropout=0.22407972227657602
hidden_continuous_size=13
max_epochs=500
