gradient_clip_val=0.0774823732756236
learning_rate=0.0015414037286397436
hidden_size=71
attention_head_size=3
dropout=0.13131460788895805
hidden_continuous_size=55
max_epochs=500
