gradient_clip_val=0.021827445645562174
learning_rate=0.004948754294368714
hidden_size=10
attention_head_size=2
dropout=0.15404265412480375
hidden_continuous_size=10
max_epochs=500
