gradient_clip_val=0.053808284654985994
learning_rate=0.03027528997362519
hidden_size=26
attention_head_size=4
dropout=0.19290008459466002
hidden_continuous_size=10
max_epochs=500
