gradient_clip_val=0.04076699612943691
learning_rate=0.010660973329423987
hidden_size=40
attention_head_size=4
dropout=0.16059327761379555
hidden_continuous_size=37
max_epochs=500
