gradient_clip_val=0.09973606612611607
learning_rate=0.0025441702519765053
hidden_size=19
attention_head_size=4
dropout=0.2780939890390305
hidden_continuous_size=12
max_epochs=500
