gradient_clip_val=0.0925439088775159
learning_rate=0.04726954651006046
hidden_size=10
attention_head_size=4
dropout=0.25848928607723004
hidden_continuous_size=10
max_epochs=500
