gradient_clip_val=0.01690525351075493
learning_rate=0.01673271287922289
hidden_size=68
attention_head_size=3
dropout=0.23027622466536102
hidden_continuous_size=57
max_epochs=500
