gradient_clip_val=0.5960092373343382
learning_rate=0.0010102526189764718
hidden_size=16
attention_head_size=3
dropout=0.2822372467807992
hidden_continuous_size=8
max_epochs=500
