gradient_clip_val=0.6401005001261016
learning_rate=0.004235813918474073
hidden_size=34
attention_head_size=1
dropout=0.2492320805654955
hidden_continuous_size=11
max_epochs=500
