gradient_clip_val=0.011316431179836932
learning_rate=0.027811024523706093
hidden_size=93
attention_head_size=1
dropout=0.14437844725598922
hidden_continuous_size=31
max_epochs=500
