gradient_clip_val=0.8429993500646499
learning_rate=0.009063644506750134
hidden_size=33
attention_head_size=2
dropout=0.10812430862680977
hidden_continuous_size=26
max_epochs=500
