gradient_clip_val=0.2264095026638427
learning_rate=0.0017731225636258363
hidden_size=8
attention_head_size=3
dropout=0.15422281512324287
hidden_continuous_size=8
max_epochs=500
