gradient_clip_val=0.49737654445969814
learning_rate=0.0029927135477598953
hidden_size=15
attention_head_size=3
dropout=0.2686251601731598
hidden_continuous_size=9
max_epochs=500
