gradient_clip_val=0.24398633068417874
learning_rate=0.025022532734508832
hidden_size=17
attention_head_size=2
dropout=0.271636683326414
hidden_continuous_size=12
max_epochs=500
