gradient_clip_val=0.05348741261290827
learning_rate=0.05505620305170492
hidden_size=13
attention_head_size=1
dropout=0.19011365744407832
hidden_continuous_size=8
max_epochs=500
