gradient_clip_val=0.1819212778657879
learning_rate=0.007762722009230033
hidden_size=31
attention_head_size=4
dropout=0.23838140155510673
hidden_continuous_size=15
max_epochs=500
