gradient_clip_val=0.012036050532459968
learning_rate=0.01624678134963958
hidden_size=59
attention_head_size=4
dropout=0.2528362431634732
hidden_continuous_size=41
max_epochs=500
