gradient_clip_val=0.018048584245023355
learning_rate=0.03285443833866257
hidden_size=53
attention_head_size=4
dropout=0.26792080658352524
hidden_continuous_size=12
max_epochs=500
