gradient_clip_val=0.3542237001109892
learning_rate=0.04432696462728882
hidden_size=8
attention_head_size=1
dropout=0.2985276521470642
hidden_continuous_size=8
max_epochs=500
