gradient_clip_val=0.1964070761931989
learning_rate=0.04793637096203876
hidden_size=11
attention_head_size=1
dropout=0.2879407852998517
hidden_continuous_size=11
max_epochs=500
