gradient_clip_val=0.07681377484566312
learning_rate=0.018814960322074307
hidden_size=17
attention_head_size=1
dropout=0.22751813733736564
hidden_continuous_size=12
max_epochs=500
