gradient_clip_val=0.03394700845262636
learning_rate=0.053205712700680294
hidden_size=19
attention_head_size=4
dropout=0.1948643965528803
hidden_continuous_size=13
max_epochs=500
