gradient_clip_val=0.05266501273642911
learning_rate=0.03825675027612932
hidden_size=12
attention_head_size=3
dropout=0.2548136625029639
hidden_continuous_size=10
max_epochs=500
