gradient_clip_val=0.012375212546519073
learning_rate=0.014297869552635815
hidden_size=127
attention_head_size=3
dropout=0.21155274746606317
hidden_continuous_size=53
max_epochs=500
