gradient_clip_val=0.022346168650337263
learning_rate=0.00956305803402718
hidden_size=61
attention_head_size=2
dropout=0.11943092304975589
hidden_continuous_size=39
max_epochs=500
