gradient_clip_val=0.91747960449718
learning_rate=0.05587398614107609
hidden_size=26
attention_head_size=2
dropout=0.21018730230322977
hidden_continuous_size=9
max_epochs=500
