gradient_clip_val=0.4009836802249057
learning_rate=0.020271255390928507
hidden_size=27
attention_head_size=3
dropout=0.2178631452005172
hidden_continuous_size=8
max_epochs=500
