gradient_clip_val=0.021674463706459503
learning_rate=0.013935339272567317
hidden_size=107
attention_head_size=1
dropout=0.26590664914040285
hidden_continuous_size=59
max_epochs=500
