gradient_clip_val=0.02597553237451052
learning_rate=0.007754335931868215
hidden_size=14
attention_head_size=1
dropout=0.25496305916780615
hidden_continuous_size=8
max_epochs=500
