gradient_clip_val=0.014230043365713865
learning_rate=0.09115347197026819
hidden_size=20
attention_head_size=2
dropout=0.13141620531851408
hidden_continuous_size=13
max_epochs=500
