gradient_clip_val=0.8304761756215705
learning_rate=0.035754102561395815
hidden_size=84
attention_head_size=2
dropout=0.2916769466944883
hidden_continuous_size=26
max_epochs=500
