gradient_clip_val=0.010084125773231385
learning_rate=0.012932144146851291
hidden_size=37
attention_head_size=1
dropout=0.17617837770687467
hidden_continuous_size=26
max_epochs=500
