gradient_clip_val=0.01632892155223251
learning_rate=0.001322623555851329
hidden_size=21
attention_head_size=4
dropout=0.12299206313961937
hidden_continuous_size=14
max_epochs=500
