gradient_clip_val=0.03561559819911432
learning_rate=0.04616810007185594
hidden_size=49
attention_head_size=1
dropout=0.19220624910458461
hidden_continuous_size=12
max_epochs=500
