gradient_clip_val=0.4010060430494499
learning_rate=0.0011777006958722759
hidden_size=19
attention_head_size=3
dropout=0.24960187871459796
hidden_continuous_size=9
max_epochs=500
