gradient_clip_val=0.08023431697664517
learning_rate=0.029906832746155684
hidden_size=25
attention_head_size=2
dropout=0.22950606796197234
hidden_continuous_size=11
max_epochs=500
