gradient_clip_val=0.8608566938187686
learning_rate=0.09819020788902816
hidden_size=73
attention_head_size=1
dropout=0.2013082514065375
hidden_continuous_size=12
max_epochs=500
