gradient_clip_val=0.756220410912108
learning_rate=0.030834266815391625
hidden_size=47
attention_head_size=2
dropout=0.13387462484035711
hidden_continuous_size=11
max_epochs=500
