gradient_clip_val=0.01423686548834785
learning_rate=0.0021182776228533626
hidden_size=82
attention_head_size=3
dropout=0.14696200102644782
hidden_continuous_size=24
max_epochs=500
