gradient_clip_val=0.027108331620443914
learning_rate=0.002817655049444256
hidden_size=21
attention_head_size=3
dropout=0.2774397719313245
hidden_continuous_size=13
max_epochs=500
