gradient_clip_val=0.2842107384817309
learning_rate=0.0025623707204171365
hidden_size=27
attention_head_size=1
dropout=0.2977785599648933
hidden_continuous_size=14
max_epochs=500
