gradient_clip_val=0.03954179994016433
learning_rate=0.017476472689253984
hidden_size=15
attention_head_size=3
dropout=0.17325232554374204
hidden_continuous_size=8
max_epochs=500
