gradient_clip_val=0.12822848326957945
learning_rate=0.0038985397093384603
hidden_size=119
attention_head_size=1
dropout=0.1601064193912124
hidden_continuous_size=66
max_epochs=500
