gradient_clip_val=0.060624691478122245
learning_rate=0.0010124723796966113
hidden_size=17
attention_head_size=3
dropout=0.170430221196818
hidden_continuous_size=9
max_epochs=500
