gradient_clip_val=0.4068965455266395
learning_rate=0.010509854182836934
hidden_size=82
attention_head_size=3
dropout=0.15220531776598234
hidden_continuous_size=46
max_epochs=500
