gradient_clip_val=0.06000671305960117
learning_rate=0.007244878523760961
hidden_size=22
attention_head_size=4
dropout=0.19926652326968097
hidden_continuous_size=18
max_epochs=500
