gradient_clip_val=0.12902102399216034
learning_rate=0.0012379689086455196
hidden_size=10
attention_head_size=4
dropout=0.2855745737759678
hidden_continuous_size=9
max_epochs=500
