gradient_clip_val=0.6908821674067492
learning_rate=0.0020599606701619546
hidden_size=68
attention_head_size=1
dropout=0.2052979054092055
hidden_continuous_size=17
max_epochs=500
