gradient_clip_val=0.06339125262952608
learning_rate=0.005098356701897732
hidden_size=127
attention_head_size=1
dropout=0.24789600033977433
hidden_continuous_size=20
max_epochs=500
