gradient_clip_val=0.018051185508618964
learning_rate=0.03074332305303042
hidden_size=50
attention_head_size=2
dropout=0.2740507135783278
hidden_continuous_size=13
max_epochs=500
