gradient_clip_val=0.21434629493188234
learning_rate=0.010768379350938377
hidden_size=10
attention_head_size=1
dropout=0.2979084903502782
hidden_continuous_size=8
max_epochs=500
