gradient_clip_val=0.04480183637299118
learning_rate=0.045836692640599766
hidden_size=8
attention_head_size=2
dropout=0.25473267054757204
hidden_continuous_size=8
max_epochs=500
