gradient_clip_val=0.13225286338747405
learning_rate=0.0014601905547182254
hidden_size=20
attention_head_size=4
dropout=0.15332699445409106
hidden_continuous_size=13
max_epochs=500
