gradient_clip_val=0.2589686807924977
learning_rate=0.0069858010860969575
hidden_size=75
attention_head_size=1
dropout=0.13662925015959396
hidden_continuous_size=39
max_epochs=500
