gradient_clip_val=0.051417706386741036
learning_rate=0.004679017016838247
hidden_size=13
attention_head_size=3
dropout=0.1528243305843334
hidden_continuous_size=12
max_epochs=500
