gradient_clip_val=0.024101675951281546
learning_rate=0.00275965407989452
hidden_size=63
attention_head_size=4
dropout=0.2024794422010899
hidden_continuous_size=23
max_epochs=500
