gradient_clip_val=0.21440174526932804
learning_rate=0.0012823050592023972
hidden_size=13
attention_head_size=1
dropout=0.288509464910427
hidden_continuous_size=8
max_epochs=500
