gradient_clip_val=0.013612771068174054
learning_rate=0.02250159338246133
hidden_size=14
attention_head_size=2
dropout=0.15247187670389245
hidden_continuous_size=14
max_epochs=500
