gradient_clip_val=0.0472667537851575
learning_rate=0.011404058728167925
hidden_size=27
attention_head_size=4
dropout=0.25769893871489025
hidden_continuous_size=10
max_epochs=500
