gradient_clip_val=0.010866733431004777
learning_rate=0.07947162716772795
hidden_size=11
attention_head_size=4
dropout=0.17378043263957837
hidden_continuous_size=10
max_epochs=500
