gradient_clip_val=0.08694077610047847
learning_rate=0.0025724276519211897
hidden_size=73
attention_head_size=4
dropout=0.2629023821303923
hidden_continuous_size=55
max_epochs=500
