gradient_clip_val=0.7258728337744242
learning_rate=0.005547481961277425
hidden_size=19
attention_head_size=1
dropout=0.11843924162274254
hidden_continuous_size=11
max_epochs=500
