gradient_clip_val=0.35296454570178376
learning_rate=0.0327643617535726
hidden_size=128
attention_head_size=1
dropout=0.21275517694045537
hidden_continuous_size=9
max_epochs=500
