gradient_clip_val=0.32873622692584803
learning_rate=0.0024227359081030178
hidden_size=12
attention_head_size=1
dropout=0.29603783351004564
hidden_continuous_size=9
max_epochs=500
