gradient_clip_val=0.06669032581580038
learning_rate=0.09128485290407477
hidden_size=11
attention_head_size=3
dropout=0.20602047432795717
hidden_continuous_size=11
max_epochs=500
