gradient_clip_val=0.3244438903110966
learning_rate=0.002537500157014159
hidden_size=29
attention_head_size=2
dropout=0.11379489824769684
hidden_continuous_size=16
max_epochs=500
