gradient_clip_val=0.020096928448557042
learning_rate=0.00679657769381183
hidden_size=88
attention_head_size=4
dropout=0.24764958267013254
hidden_continuous_size=73
max_epochs=500
