gradient_clip_val=0.17646425018507192
learning_rate=0.011707461378540443
hidden_size=28
attention_head_size=2
dropout=0.17115133782005498
hidden_continuous_size=8
max_epochs=500
