gradient_clip_val=0.7648356071580017
learning_rate=0.010327019396009635
hidden_size=18
attention_head_size=3
dropout=0.17668387002749325
hidden_continuous_size=8
max_epochs=500
