gradient_clip_val=0.10755631236200285
learning_rate=0.01739371996063628
hidden_size=37
attention_head_size=4
dropout=0.18181726568542628
hidden_continuous_size=12
max_epochs=500
