gradient_clip_val=0.01148755384685268
learning_rate=0.006934933044675214
hidden_size=10
attention_head_size=4
dropout=0.15001441413602712
hidden_continuous_size=10
max_epochs=500
