gradient_clip_val=0.08168531670511409
learning_rate=0.08927658764330212
hidden_size=23
attention_head_size=3
dropout=0.13523162784244852
hidden_continuous_size=19
max_epochs=500
