gradient_clip_val=0.10354664307118724
learning_rate=0.0225930145028815
hidden_size=57
attention_head_size=2
dropout=0.1856217156768833
hidden_continuous_size=11
max_epochs=500
