gradient_clip_val=0.4530230418239434
learning_rate=0.014391795559129627
hidden_size=19
attention_head_size=2
dropout=0.20581601153979764
hidden_continuous_size=8
max_epochs=500
