gradient_clip_val=0.035341523168914334
learning_rate=0.00610339390286585
hidden_size=10
attention_head_size=1
dropout=0.11675671213825463
hidden_continuous_size=8
max_epochs=500
