gradient_clip_val=0.22394812079190277
learning_rate=0.0011324692671332915
hidden_size=91
attention_head_size=3
dropout=0.22132710519520254
hidden_continuous_size=22
max_epochs=500
