gradient_clip_val=0.20197360608940063
learning_rate=0.0010654050989220105
hidden_size=115
attention_head_size=1
dropout=0.28359137283230973
hidden_continuous_size=17
max_epochs=500
