gradient_clip_val=0.9300270384689706
learning_rate=0.061806098636841486
hidden_size=101
attention_head_size=4
dropout=0.2057012104484473
hidden_continuous_size=16
max_epochs=500
