gradient_clip_val=0.036337565986223175
learning_rate=0.0014343431799428694
hidden_size=16
attention_head_size=3
dropout=0.15758634789986084
hidden_continuous_size=10
max_epochs=500
