gradient_clip_val=0.10778222512602843
learning_rate=0.007118983443918648
hidden_size=39
attention_head_size=3
dropout=0.16631068533795265
hidden_continuous_size=28
max_epochs=500
