gradient_clip_val=0.010418301368692427
learning_rate=0.003426807066558624
hidden_size=12
attention_head_size=3
dropout=0.1946221603024021
hidden_continuous_size=11
max_epochs=500
