gradient_clip_val=0.14009554841659624
learning_rate=0.058433916130822806
hidden_size=16
attention_head_size=3
dropout=0.20995540086536632
hidden_continuous_size=14
max_epochs=500
