gradient_clip_val=0.039134402989710174
learning_rate=0.0579170396212067
hidden_size=8
attention_head_size=2
dropout=0.2627215993548668
hidden_continuous_size=8
max_epochs=500
