gradient_clip_val=0.02941493921875056
learning_rate=0.02171194196609114
hidden_size=87
attention_head_size=1
dropout=0.19771381284399758
hidden_continuous_size=34
max_epochs=500
