gradient_clip_val=0.04144030726514244
learning_rate=0.05407535553780531
hidden_size=108
attention_head_size=4
dropout=0.17620407968509683
hidden_continuous_size=8
max_epochs=500
