gradient_clip_val=0.02897752976352724
learning_rate=0.0030815961690261223
hidden_size=94
attention_head_size=2
dropout=0.1602341975354984
hidden_continuous_size=23
max_epochs=500
