gradient_clip_val=0.3283085669143124
learning_rate=0.008039418789832343
hidden_size=43
attention_head_size=3
dropout=0.1307440432034394
hidden_continuous_size=10
max_epochs=500
