gradient_clip_val=0.011135909525007134
learning_rate=0.0013140513236632675
hidden_size=17
attention_head_size=1
dropout=0.20183026971685503
hidden_continuous_size=14
max_epochs=500
