gradient_clip_val=0.15531643763262257
learning_rate=0.0593414530057568
hidden_size=56
attention_head_size=3
dropout=0.15805255352812117
hidden_continuous_size=8
max_epochs=500
