gradient_clip_val=0.027887232541640026
learning_rate=0.001998778304463641
hidden_size=79
attention_head_size=2
dropout=0.10504283904686106
hidden_continuous_size=27
max_epochs=500
