gradient_clip_val=0.010412453660414924
learning_rate=0.004076881263702204
hidden_size=10
attention_head_size=4
dropout=0.13053239802556954
hidden_continuous_size=8
max_epochs=500
