gradient_clip_val=0.058148435437161555
learning_rate=0.001932457943950811
hidden_size=74
attention_head_size=2
dropout=0.1033732625720904
hidden_continuous_size=13
max_epochs=500
