gradient_clip_val=0.16187233136054782
learning_rate=0.001292200136516057
hidden_size=63
attention_head_size=4
dropout=0.2031519291830058
hidden_continuous_size=18
max_epochs=500
