gradient_clip_val=0.03562895578902328
learning_rate=0.07408537466619855
hidden_size=32
attention_head_size=3
dropout=0.29520684663458674
hidden_continuous_size=12
max_epochs=500
