gradient_clip_val=0.019801688028261877
learning_rate=0.009600253057937984
hidden_size=27
attention_head_size=3
dropout=0.14067077236914222
hidden_continuous_size=17
max_epochs=500
