gradient_clip_val=0.10282822336709448
learning_rate=0.009185120508920851
hidden_size=23
attention_head_size=3
dropout=0.25655211788757504
hidden_continuous_size=10
max_epochs=500
