gradient_clip_val=0.015813999161898067
learning_rate=0.008555836178421507
hidden_size=9
attention_head_size=1
dropout=0.18219403016729585
hidden_continuous_size=8
max_epochs=500
