gradient_clip_val=0.058809179685824914
learning_rate=0.039736245487999006
hidden_size=22
attention_head_size=4
dropout=0.24270974178619498
hidden_continuous_size=13
max_epochs=500
