gradient_clip_val=0.2823866526927147
learning_rate=0.05440927664082733
hidden_size=46
attention_head_size=2
dropout=0.272100109008703
hidden_continuous_size=15
max_epochs=500
