gradient_clip_val=0.04744301151058111
learning_rate=0.002415428661825954
hidden_size=19
attention_head_size=4
dropout=0.16923672134951978
hidden_continuous_size=8
max_epochs=500
