gradient_clip_val=0.010044538444124671
learning_rate=0.09339845361065502
hidden_size=10
attention_head_size=1
dropout=0.27211698031802456
hidden_continuous_size=10
max_epochs=500
