gradient_clip_val=0.1472928244478712
learning_rate=0.010302736789825248
hidden_size=96
attention_head_size=2
dropout=0.2432647313073813
hidden_continuous_size=9
max_epochs=500
