gradient_clip_val=0.015775928384886753
learning_rate=0.013346828009027525
hidden_size=9
attention_head_size=1
dropout=0.2527685269637383
hidden_continuous_size=8
max_epochs=500
