gradient_clip_val=0.029243499101363406
learning_rate=0.0020658405424004845
hidden_size=100
attention_head_size=2
dropout=0.23870805382459578
hidden_continuous_size=8
max_epochs=500
