gradient_clip_val=0.03460067069412521
learning_rate=0.0485306035332621
hidden_size=75
attention_head_size=3
dropout=0.27415270639744993
hidden_continuous_size=13
max_epochs=500
