gradient_clip_val=0.43388264114247915
learning_rate=0.004954171983928109
hidden_size=110
attention_head_size=3
dropout=0.22401191256992947
hidden_continuous_size=32
max_epochs=500
