gradient_clip_val=0.06452044094704874
learning_rate=0.0014742634466875528
hidden_size=33
attention_head_size=2
dropout=0.1896686986460952
hidden_continuous_size=19
max_epochs=500
