gradient_clip_val=0.8188260830017946
learning_rate=0.013610583336974347
hidden_size=19
attention_head_size=3
dropout=0.21376292293609644
hidden_continuous_size=8
max_epochs=500
