gradient_clip_val=0.12809265524121827
learning_rate=0.09568293775796927
hidden_size=90
attention_head_size=2
dropout=0.2500565240054424
hidden_continuous_size=73
max_epochs=500
