gradient_clip_val=0.02429080769964322
learning_rate=0.0013400282954907378
hidden_size=11
attention_head_size=2
dropout=0.194055960015864
hidden_continuous_size=11
max_epochs=500
