gradient_clip_val=0.19509071028592237
learning_rate=0.005925067626845149
hidden_size=10
attention_head_size=2
dropout=0.2976485457462442
hidden_continuous_size=9
max_epochs=500
