gradient_clip_val=0.04117409323771461
learning_rate=0.001846097493284336
hidden_size=8
attention_head_size=4
dropout=0.1611971724261024
hidden_continuous_size=8
max_epochs=500
