gradient_clip_val=0.619221130389098
learning_rate=0.0017431156088893445
hidden_size=14
attention_head_size=2
dropout=0.21479032796525266
hidden_continuous_size=9
max_epochs=500
