gradient_clip_val=0.06095833093559947
learning_rate=0.0041041533676018874
hidden_size=27
attention_head_size=4
dropout=0.13807935667902946
hidden_continuous_size=24
max_epochs=500
