gradient_clip_val=0.047126622166674376
learning_rate=0.05334843444177412
hidden_size=57
attention_head_size=1
dropout=0.24522641183415728
hidden_continuous_size=48
max_epochs=500
