gradient_clip_val=0.7517351991009666
learning_rate=0.07455380814663938
hidden_size=123
attention_head_size=1
dropout=0.20122223804307093
hidden_continuous_size=24
max_epochs=500
