gradient_clip_val=0.07854701133825924
learning_rate=0.02025881180559037
hidden_size=82
attention_head_size=1
dropout=0.223349228063279
hidden_continuous_size=31
max_epochs=500
