gradient_clip_val=0.16905162523175604
learning_rate=0.0018909360292426775
hidden_size=12
attention_head_size=3
dropout=0.13014625119740225
hidden_continuous_size=12
max_epochs=500
