gradient_clip_val=0.47535104740855116
learning_rate=0.05861876244439251
hidden_size=15
attention_head_size=4
dropout=0.10278904435416364
hidden_continuous_size=9
max_epochs=500
