gradient_clip_val=0.39714895001269834
learning_rate=0.011018769807652542
hidden_size=19
attention_head_size=1
dropout=0.14725962581805313
hidden_continuous_size=17
max_epochs=500
