gradient_clip_val=0.05395264672968964
learning_rate=0.002683296834776391
hidden_size=12
attention_head_size=1
dropout=0.27115512012785825
hidden_continuous_size=9
max_epochs=500
