gradient_clip_val=0.4420820251725282
learning_rate=0.005712458902068104
hidden_size=14
attention_head_size=4
dropout=0.1531305163631085
hidden_continuous_size=13
max_epochs=500
