gradient_clip_val=0.040258090141174735
learning_rate=0.011897104977786723
hidden_size=46
attention_head_size=3
dropout=0.18534026431323658
hidden_continuous_size=30
max_epochs=500
