gradient_clip_val=0.015082401504404683
learning_rate=0.0030703351566722615
hidden_size=69
attention_head_size=1
dropout=0.1625385534159644
hidden_continuous_size=48
max_epochs=500
