gradient_clip_val=0.01684662950481594
learning_rate=0.015469798476311428
hidden_size=38
attention_head_size=3
dropout=0.15264817172421638
hidden_continuous_size=20
max_epochs=500
