gradient_clip_val=0.039231977401286464
learning_rate=0.002954238055891488
hidden_size=25
attention_head_size=2
dropout=0.10550636684898125
hidden_continuous_size=9
max_epochs=500
