gradient_clip_val=0.21975286958633564
learning_rate=0.00405872490507556
hidden_size=17
attention_head_size=1
dropout=0.138152351362347
hidden_continuous_size=9
max_epochs=500
