gradient_clip_val=0.03357881345856973
learning_rate=0.020451058071585513
hidden_size=21
attention_head_size=2
dropout=0.12012307293731271
hidden_continuous_size=18
max_epochs=500
