gradient_clip_val=0.02906293489615694
learning_rate=0.013448163275629674
hidden_size=21
attention_head_size=4
dropout=0.26920239796737244
hidden_continuous_size=19
max_epochs=500
