gradient_clip_val=0.023098781556775173
learning_rate=0.0033659694450649267
hidden_size=19
attention_head_size=4
dropout=0.11087267068895022
hidden_continuous_size=14
max_epochs=500
