gradient_clip_val=0.29751892716978945
learning_rate=0.014456427539083992
hidden_size=96
attention_head_size=1
dropout=0.2891258936689992
hidden_continuous_size=79
max_epochs=500
