gradient_clip_val=0.3639718067837297
learning_rate=0.00411641835800947
hidden_size=41
attention_head_size=2
dropout=0.11036421623181447
hidden_continuous_size=22
max_epochs=500
