gradient_clip_val=0.018058819691959264
learning_rate=0.020402959759862088
hidden_size=17
attention_head_size=1
dropout=0.17809564276864176
hidden_continuous_size=8
max_epochs=500
