gradient_clip_val=0.33707670500528314
learning_rate=0.001985501919984086
hidden_size=8
attention_head_size=4
dropout=0.27431757890507447
hidden_continuous_size=8
max_epochs=500
