gradient_clip_val=0.10686389481677501
learning_rate=0.020059997174012797
hidden_size=39
attention_head_size=4
dropout=0.2759604022352473
hidden_continuous_size=14
max_epochs=500
