gradient_clip_val=0.012852080245371322
learning_rate=0.030057006750228203
hidden_size=22
attention_head_size=3
dropout=0.10176990178169527
hidden_continuous_size=8
max_epochs=500
