gradient_clip_val=0.37976131897900345
learning_rate=0.007047207744251811
hidden_size=82
attention_head_size=2
dropout=0.19036419507803448
hidden_continuous_size=65
max_epochs=500
