gradient_clip_val=0.11209333483539013
learning_rate=0.02169797530316177
hidden_size=94
attention_head_size=2
dropout=0.11070946410383208
hidden_continuous_size=90
max_epochs=500
