gradient_clip_val=0.8863716066344883
learning_rate=0.0010248622744589856
hidden_size=25
attention_head_size=2
dropout=0.13592311115548833
hidden_continuous_size=13
max_epochs=500
