gradient_clip_val=0.04018603228162804
learning_rate=0.003733914762096185
hidden_size=96
attention_head_size=3
dropout=0.1532853488174651
hidden_continuous_size=78
max_epochs=500
