gradient_clip_val=0.04868798813945486
learning_rate=0.005992521241012786
hidden_size=26
attention_head_size=2
dropout=0.1642028016112092
hidden_continuous_size=20
max_epochs=500
