gradient_clip_val=0.025661055987278237
learning_rate=0.002538127291137964
hidden_size=45
attention_head_size=1
dropout=0.2903213719825388
hidden_continuous_size=10
max_epochs=500
