gradient_clip_val=0.02043653061959797
learning_rate=0.017065724255638185
hidden_size=22
attention_head_size=3
dropout=0.1148576270049607
hidden_continuous_size=14
max_epochs=500
