gradient_clip_val=0.6016793794081582
learning_rate=0.01584206044283234
hidden_size=53
attention_head_size=1
dropout=0.189319444167046
hidden_continuous_size=19
max_epochs=500
