gradient_clip_val=0.528660622958385
learning_rate=0.05889473516748555
hidden_size=16
attention_head_size=3
dropout=0.121576571149982
hidden_continuous_size=16
max_epochs=500
