gradient_clip_val=0.1784118561147573
learning_rate=0.030893067370143516
hidden_size=26
attention_head_size=3
dropout=0.2202467457239774
hidden_continuous_size=19
max_epochs=500
