gradient_clip_val=0.03850999538834443
learning_rate=0.02829303611927048
hidden_size=10
attention_head_size=3
dropout=0.1628020538769813
hidden_continuous_size=8
max_epochs=500
