gradient_clip_val=0.011514764666553594
learning_rate=0.008329246649947207
hidden_size=32
attention_head_size=4
dropout=0.23359793287357358
hidden_continuous_size=24
max_epochs=500
