gradient_clip_val=0.09090473662023416
learning_rate=0.025749637334381247
hidden_size=44
attention_head_size=4
dropout=0.14727482316482293
hidden_continuous_size=12
max_epochs=500
