gradient_clip_val=0.017635217568794118
learning_rate=0.026251262392678557
hidden_size=40
attention_head_size=1
dropout=0.11531036908910891
hidden_continuous_size=27
max_epochs=500
