gradient_clip_val=0.01836336903756339
learning_rate=0.0481098767696222
hidden_size=14
attention_head_size=2
dropout=0.10559430270838553
hidden_continuous_size=10
max_epochs=500
