gradient_clip_val=0.01919424672291321
learning_rate=0.021475677735256847
hidden_size=48
attention_head_size=3
dropout=0.13682974186575864
hidden_continuous_size=10
max_epochs=500
