gradient_clip_val=0.29968437826960176
learning_rate=0.029599920495029276
hidden_size=44
attention_head_size=2
dropout=0.258057203365083
hidden_continuous_size=9
max_epochs=500
