gradient_clip_val=0.09346183141001642
learning_rate=0.006471184685262322
hidden_size=13
attention_head_size=4
dropout=0.2756684253255527
hidden_continuous_size=10
max_epochs=500
