gradient_clip_val=0.7669630278601882
learning_rate=0.010596242516658042
hidden_size=55
attention_head_size=2
dropout=0.1278659577837194
hidden_continuous_size=10
max_epochs=500
