gradient_clip_val=0.0361894699346869
learning_rate=0.011533335285563837
hidden_size=71
attention_head_size=4
dropout=0.18616293638557924
hidden_continuous_size=55
max_epochs=500
