gradient_clip_val=0.03491077378766902
learning_rate=0.0018145506729682413
hidden_size=12
attention_head_size=1
dropout=0.2482500844806297
hidden_continuous_size=11
max_epochs=500
