gradient_clip_val=0.17926961613727269
learning_rate=0.0013643231930812513
hidden_size=8
attention_head_size=4
dropout=0.21457704314834763
hidden_continuous_size=8
max_epochs=500
