gradient_clip_val=0.1180702218088593
learning_rate=0.02291023228614952
hidden_size=89
attention_head_size=4
dropout=0.25472640629717674
hidden_continuous_size=36
max_epochs=500
