gradient_clip_val=0.8423340331218949
learning_rate=0.03147014793855129
hidden_size=9
attention_head_size=2
dropout=0.2021792850556483
hidden_continuous_size=9
max_epochs=500
