gradient_clip_val=0.013566547973650823
learning_rate=0.007577558237642305
hidden_size=11
attention_head_size=3
dropout=0.1939899099680235
hidden_continuous_size=8
max_epochs=500
