gradient_clip_val=0.03323959119314217
learning_rate=0.004117183424014625
hidden_size=33
attention_head_size=4
dropout=0.17109506264035548
hidden_continuous_size=22
max_epochs=500
