gradient_clip_val=0.44032863715386805
learning_rate=0.0017143656090733486
hidden_size=13
attention_head_size=1
dropout=0.23886782504172735
hidden_continuous_size=12
max_epochs=500
