gradient_clip_val=0.4578369005485873
learning_rate=0.02102111676190132
hidden_size=36
attention_head_size=2
dropout=0.2521830816129226
hidden_continuous_size=23
max_epochs=500
