gradient_clip_val=0.0823731275959546
learning_rate=0.0047734818418580785
hidden_size=57
attention_head_size=1
dropout=0.27179126744834436
hidden_continuous_size=25
max_epochs=500
