gradient_clip_val=0.015237001615499828
learning_rate=0.09417483528663517
hidden_size=65
attention_head_size=1
dropout=0.2287420116307271
hidden_continuous_size=41
max_epochs=500
