gradient_clip_val=0.9977152781206187
learning_rate=0.0025236535037941915
hidden_size=10
attention_head_size=1
dropout=0.1902454013015813
hidden_continuous_size=8
max_epochs=500
