gradient_clip_val=0.039295863984176733
learning_rate=0.002139182432817653
hidden_size=62
attention_head_size=1
dropout=0.10630320147508805
hidden_continuous_size=46
max_epochs=500
