gradient_clip_val=0.7036045655431961
learning_rate=0.005501536531387609
hidden_size=40
attention_head_size=4
dropout=0.12702509806784795
hidden_continuous_size=9
max_epochs=500
