gradient_clip_val=0.2155298617347931
learning_rate=0.05918429789075229
hidden_size=99
attention_head_size=1
dropout=0.1560461639995267
hidden_continuous_size=38
max_epochs=500
