gradient_clip_val=0.4973295842386405
learning_rate=0.0011595996311237868
hidden_size=110
attention_head_size=2
dropout=0.16573939664707066
hidden_continuous_size=102
max_epochs=500
