gradient_clip_val=0.18469879315374482
learning_rate=0.012861100349374575
hidden_size=112
attention_head_size=2
dropout=0.13087509104401437
hidden_continuous_size=13
max_epochs=500
