gradient_clip_val=0.019504343083616545
learning_rate=0.006734104872983767
hidden_size=62
attention_head_size=3
dropout=0.11030289971688007
hidden_continuous_size=13
max_epochs=500
