gradient_clip_val=0.6350577241588226
learning_rate=0.026051506796682798
hidden_size=65
attention_head_size=1
dropout=0.2715540809843874
hidden_continuous_size=8
max_epochs=500
