gradient_clip_val=0.0185262091499867
learning_rate=0.023326026977424166
hidden_size=51
attention_head_size=2
dropout=0.23384626089728647
hidden_continuous_size=18
max_epochs=500
