gradient_clip_val=0.2083711020005995
learning_rate=0.014798164169794703
hidden_size=85
attention_head_size=4
dropout=0.22746075316154035
hidden_continuous_size=61
max_epochs=500
