gradient_clip_val=0.018615814356029485
learning_rate=0.052233400204599705
hidden_size=59
attention_head_size=4
dropout=0.2824136195553115
hidden_continuous_size=40
max_epochs=500
