gradient_clip_val=0.25684853857434736
learning_rate=0.022065767933263352
hidden_size=12
attention_head_size=2
dropout=0.28424617277684916
hidden_continuous_size=11
max_epochs=500
