gradient_clip_val=0.7642187068287974
learning_rate=0.009047052459805997
hidden_size=49
attention_head_size=3
dropout=0.24807804416762633
hidden_continuous_size=20
max_epochs=500
