gradient_clip_val=0.038263858014875606
learning_rate=0.007198198852311137
hidden_size=17
attention_head_size=4
dropout=0.24846745304441914
hidden_continuous_size=14
max_epochs=500
