gradient_clip_val=0.06360612328987798
learning_rate=0.018704456082588892
hidden_size=59
attention_head_size=3
dropout=0.2806534657418661
hidden_continuous_size=41
max_epochs=500
