gradient_clip_val=0.012728105864379046
learning_rate=0.0046864991719343455
hidden_size=10
attention_head_size=1
dropout=0.16501389226868904
hidden_continuous_size=9
max_epochs=500
