gradient_clip_val=0.03548767480410186
learning_rate=0.00617724611833757
hidden_size=26
attention_head_size=1
dropout=0.16342460928367009
hidden_continuous_size=25
max_epochs=500
