gradient_clip_val=0.05984022870765951
learning_rate=0.08571719595509392
hidden_size=29
attention_head_size=4
dropout=0.2935392427409575
hidden_continuous_size=18
max_epochs=500
