gradient_clip_val=0.2791065065111549
learning_rate=0.0016429799740008985
hidden_size=25
attention_head_size=2
dropout=0.18864378197263548
hidden_continuous_size=11
max_epochs=500
