gradient_clip_val=0.3331756218973693
learning_rate=0.07251526452550708
hidden_size=104
attention_head_size=2
dropout=0.19181397790468643
hidden_continuous_size=11
max_epochs=500
