gradient_clip_val=0.025918564336653526
learning_rate=0.0016422913088840196
hidden_size=20
attention_head_size=2
dropout=0.1877417725378912
hidden_continuous_size=10
max_epochs=500
