gradient_clip_val=0.10327587780316276
learning_rate=0.04771916097133157
hidden_size=22
attention_head_size=1
dropout=0.12213282813554723
hidden_continuous_size=9
max_epochs=500
