gradient_clip_val=0.0400295674577393
learning_rate=0.0045724500624532895
hidden_size=10
attention_head_size=1
dropout=0.13547893664710614
hidden_continuous_size=9
max_epochs=500
