gradient_clip_val=0.05587265110124336
learning_rate=0.07296582028388042
hidden_size=86
attention_head_size=4
dropout=0.1077264203476615
hidden_continuous_size=8
max_epochs=500
