gradient_clip_val=0.02059013364819662
learning_rate=0.001136431913285563
hidden_size=63
attention_head_size=3
dropout=0.14767217869647883
hidden_continuous_size=12
max_epochs=500
