gradient_clip_val=0.0707619832706862
learning_rate=0.0014335667150295794
hidden_size=36
attention_head_size=1
dropout=0.12998137973967888
hidden_continuous_size=28
max_epochs=500
