gradient_clip_val=0.22868396225603468
learning_rate=0.07840858726434344
hidden_size=8
attention_head_size=1
dropout=0.16058813116502646
hidden_continuous_size=8
max_epochs=500
