gradient_clip_val=0.010213137064048786
learning_rate=0.003565644428107744
hidden_size=90
attention_head_size=1
dropout=0.10275564864247536
hidden_continuous_size=82
max_epochs=500
