gradient_clip_val=0.02831984766313053
learning_rate=0.009063175896041047
hidden_size=37
attention_head_size=3
dropout=0.28916638394199734
hidden_continuous_size=26
max_epochs=500
