gradient_clip_val=0.03863495721031384
learning_rate=0.04341697038317918
hidden_size=10
attention_head_size=1
dropout=0.11886360513264255
hidden_continuous_size=9
max_epochs=500
