gradient_clip_val=0.06663994966345314
learning_rate=0.04545804705953151
hidden_size=85
attention_head_size=2
dropout=0.13747078461774478
hidden_continuous_size=53
max_epochs=500
