gradient_clip_val=0.4472352176541257
learning_rate=0.047280973086743665
hidden_size=54
attention_head_size=1
dropout=0.1656126453145378
hidden_continuous_size=45
max_epochs=500
