gradient_clip_val=0.3368798797811451
learning_rate=0.0014121909145473448
hidden_size=59
attention_head_size=1
dropout=0.2382498358242953
hidden_continuous_size=8
max_epochs=500
