gradient_clip_val=0.09066007051360438
learning_rate=0.04892789193332427
hidden_size=19
attention_head_size=2
dropout=0.25624039672519583
hidden_continuous_size=17
max_epochs=500
