gradient_clip_val=0.8724566020667123
learning_rate=0.004894027517918621
hidden_size=8
attention_head_size=4
dropout=0.16744206849194257
hidden_continuous_size=8
max_epochs=500
