gradient_clip_val=0.6532519733194553
learning_rate=0.0021920203006094664
hidden_size=18
attention_head_size=4
dropout=0.21372948855975166
hidden_continuous_size=12
max_epochs=500
