gradient_clip_val=0.017625186398448647
learning_rate=0.05811826567439785
hidden_size=49
attention_head_size=1
dropout=0.26352978089586876
hidden_continuous_size=18
max_epochs=500
