gradient_clip_val=0.5354952792848666
learning_rate=0.018012890306363938
hidden_size=17
attention_head_size=4
dropout=0.12128226721850972
hidden_continuous_size=12
max_epochs=500
