gradient_clip_val=0.4415416564774788
learning_rate=0.02541351684503949
hidden_size=32
attention_head_size=2
dropout=0.21943303838724987
hidden_continuous_size=21
max_epochs=500
