gradient_clip_val=0.06139731613562054
learning_rate=0.003790395219469311
hidden_size=50
attention_head_size=1
dropout=0.20069726714288016
hidden_continuous_size=17
max_epochs=500
