gradient_clip_val=0.383273113439144
learning_rate=0.02294302370843743
hidden_size=22
attention_head_size=4
dropout=0.2132496159610372
hidden_continuous_size=11
max_epochs=500
