gradient_clip_val=0.10859443116838621
learning_rate=0.07054469802801148
hidden_size=42
attention_head_size=2
dropout=0.22864325094601745
hidden_continuous_size=14
max_epochs=500
