gradient_clip_val=0.2075441722460299
learning_rate=0.0014326659212198186
hidden_size=14
attention_head_size=2
dropout=0.2664092714811885
hidden_continuous_size=14
max_epochs=500
