gradient_clip_val=0.4549994790695945
learning_rate=0.012785982981024803
hidden_size=15
attention_head_size=2
dropout=0.18352616752054607
hidden_continuous_size=11
max_epochs=500
