gradient_clip_val=0.095502677218036
learning_rate=0.0041868192849363675
hidden_size=31
attention_head_size=1
dropout=0.25364778328044374
hidden_continuous_size=31
max_epochs=500
