gradient_clip_val=0.20853290369280555
learning_rate=0.011402818322745827
hidden_size=59
attention_head_size=1
dropout=0.2808219791339651
hidden_continuous_size=13
max_epochs=500
