gradient_clip_val=0.40895561314652495
learning_rate=0.001605419373030678
hidden_size=15
attention_head_size=3
dropout=0.16904803068523339
hidden_continuous_size=10
max_epochs=500
