gradient_clip_val=0.05016408746745283
learning_rate=0.017490336440907923
hidden_size=21
attention_head_size=2
dropout=0.2819544664552713
hidden_continuous_size=9
max_epochs=500
