gradient_clip_val=0.6032537885909914
learning_rate=0.003940726869503438
hidden_size=8
attention_head_size=3
dropout=0.24188506307513882
hidden_continuous_size=8
max_epochs=500
