gradient_clip_val=0.04333717785124588
learning_rate=0.003076124861201922
hidden_size=26
attention_head_size=2
dropout=0.2607775617456849
hidden_continuous_size=10
max_epochs=500
