gradient_clip_val=0.1429190687808271
learning_rate=0.037534635069043094
hidden_size=10
attention_head_size=3
dropout=0.1871689513304799
hidden_continuous_size=9
max_epochs=500
