gradient_clip_val=0.15181835607525215
learning_rate=0.06847020166794984
hidden_size=25
attention_head_size=3
dropout=0.17450034405616327
hidden_continuous_size=12
max_epochs=500
