gradient_clip_val=0.26855143740826054
learning_rate=0.00944099987163397
hidden_size=11
attention_head_size=1
dropout=0.2612140030474285
hidden_continuous_size=10
max_epochs=500
