gradient_clip_val=0.022687913549304908
learning_rate=0.032075063017931706
hidden_size=18
attention_head_size=1
dropout=0.10715353723100957
hidden_continuous_size=8
max_epochs=500
