gradient_clip_val=0.7010267175289792
learning_rate=0.009971755643166106
hidden_size=10
attention_head_size=1
dropout=0.24134005234087988
hidden_continuous_size=8
max_epochs=500
