gradient_clip_val=0.15479204645421107
learning_rate=0.004577417422370253
hidden_size=16
attention_head_size=3
dropout=0.20398359351222706
hidden_continuous_size=14
max_epochs=500
