gradient_clip_val=0.2173007553661492
learning_rate=0.07422995563271602
hidden_size=128
attention_head_size=1
dropout=0.11476572865958282
hidden_continuous_size=102
max_epochs=500
