gradient_clip_val=0.0128073345476153
learning_rate=0.005483272188677544
hidden_size=115
attention_head_size=2
dropout=0.2882553982203282
hidden_continuous_size=67
max_epochs=500
