gradient_clip_val=0.8378073445650306
learning_rate=0.005118305845895025
hidden_size=26
attention_head_size=1
dropout=0.1873409347364749
hidden_continuous_size=25
max_epochs=500
