gradient_clip_val=0.3955706270252372
learning_rate=0.06210496481583063
hidden_size=38
attention_head_size=4
dropout=0.1965441472673003
hidden_continuous_size=36
max_epochs=500
