gradient_clip_val=0.044763621667905644
learning_rate=0.007209947342040534
hidden_size=47
attention_head_size=2
dropout=0.1656743413530098
hidden_continuous_size=24
max_epochs=500
