gradient_clip_val=0.6984159509175453
learning_rate=0.001005652218139477
hidden_size=78
attention_head_size=2
dropout=0.1301108899722807
hidden_continuous_size=28
max_epochs=500
