gradient_clip_val=0.014813858592274784
learning_rate=0.06305438317626634
hidden_size=121
attention_head_size=1
dropout=0.2585105119097192
hidden_continuous_size=93
max_epochs=500
