gradient_clip_val=0.10679984613293912
learning_rate=0.0050742492527700404
hidden_size=49
attention_head_size=2
dropout=0.15314810740588913
hidden_continuous_size=10
max_epochs=500
