gradient_clip_val=0.13697905279459588
learning_rate=0.059021799972896916
hidden_size=17
attention_head_size=4
dropout=0.10958824695862937
hidden_continuous_size=8
max_epochs=500
