gradient_clip_val=0.029415185946066538
learning_rate=0.0049356895065819735
hidden_size=38
attention_head_size=2
dropout=0.16342933408042642
hidden_continuous_size=21
max_epochs=500
