gradient_clip_val=0.4038267185066212
learning_rate=0.0820902434746995
hidden_size=74
attention_head_size=1
dropout=0.13337418863366224
hidden_continuous_size=26
max_epochs=500
