gradient_clip_val=0.20718254083168222
learning_rate=0.03127974699341579
hidden_size=113
attention_head_size=2
dropout=0.11428009129329778
hidden_continuous_size=56
max_epochs=500
