gradient_clip_val=0.43895534998058294
learning_rate=0.0016314356551473338
hidden_size=19
attention_head_size=2
dropout=0.2610463912904043
hidden_continuous_size=17
max_epochs=500
