gradient_clip_val=0.010995259685111553
learning_rate=0.04889728975163016
hidden_size=14
attention_head_size=1
dropout=0.2384549165989104
hidden_continuous_size=14
max_epochs=500
