gradient_clip_val=0.4268165143594065
learning_rate=0.00598532212841241
hidden_size=100
attention_head_size=4
dropout=0.19616520440587348
hidden_continuous_size=20
max_epochs=500
