gradient_clip_val=0.7885740738754922
learning_rate=0.014199158824418218
hidden_size=21
attention_head_size=2
dropout=0.24343897683838264
hidden_continuous_size=10
max_epochs=500
