gradient_clip_val=0.8682604728661708
learning_rate=0.003282317824516275
hidden_size=23
attention_head_size=1
dropout=0.17611875423157314
hidden_continuous_size=10
max_epochs=500
