gradient_clip_val=0.1926110354302456
learning_rate=0.024778792215267645
hidden_size=57
attention_head_size=4
dropout=0.1362062403551378
hidden_continuous_size=22
max_epochs=500
