gradient_clip_val=0.014010762456694609
learning_rate=0.0014862186245847054
hidden_size=52
attention_head_size=3
dropout=0.1872063663172785
hidden_continuous_size=8
max_epochs=500
