gradient_clip_val=0.011826136381471222
learning_rate=0.06621595207009796
hidden_size=9
attention_head_size=1
dropout=0.29394580828368444
hidden_continuous_size=8
max_epochs=500
