gradient_clip_val=0.029615850600395538
learning_rate=0.08015112103914382
hidden_size=19
attention_head_size=2
dropout=0.141699479849029
hidden_continuous_size=18
max_epochs=500
