gradient_clip_val=0.714228822664603
learning_rate=0.0019484087709601844
hidden_size=45
attention_head_size=3
dropout=0.22494496487627386
hidden_continuous_size=38
max_epochs=500
