gradient_clip_val=0.9897687501814112
learning_rate=0.06027733574500427
hidden_size=48
attention_head_size=3
dropout=0.20191426619690206
hidden_continuous_size=47
max_epochs=500
