gradient_clip_val=0.18098013678031724
learning_rate=0.09005546555443755
hidden_size=27
attention_head_size=2
dropout=0.17575840685922145
hidden_continuous_size=15
max_epochs=500
