gradient_clip_val=0.09122367361160057
learning_rate=0.0012104504050609575
hidden_size=21
attention_head_size=2
dropout=0.28577827748784157
hidden_continuous_size=11
max_epochs=500
