gradient_clip_val=0.4246792106421776
learning_rate=0.001654415402853983
hidden_size=37
attention_head_size=3
dropout=0.24196688275770786
hidden_continuous_size=10
max_epochs=500
