gradient_clip_val=0.12419020714267781
learning_rate=0.0031646286688467875
hidden_size=14
attention_head_size=3
dropout=0.27979429047350646
hidden_continuous_size=10
max_epochs=500
