gradient_clip_val=0.03360106035019069
learning_rate=0.04147683093679283
hidden_size=31
attention_head_size=3
dropout=0.16685363245285484
hidden_continuous_size=21
max_epochs=500
