gradient_clip_val=0.014735527741318592
learning_rate=0.011638160707607054
hidden_size=109
attention_head_size=2
dropout=0.14081597455306524
hidden_continuous_size=15
max_epochs=500
