gradient_clip_val=0.7629045755096722
learning_rate=0.01786256672228801
hidden_size=15
attention_head_size=1
dropout=0.266859870247251
hidden_continuous_size=10
max_epochs=500
