gradient_clip_val=0.08198717970007603
learning_rate=0.0024651532115125547
hidden_size=8
attention_head_size=3
dropout=0.2925594107947715
hidden_continuous_size=8
max_epochs=500
