gradient_clip_val=0.21429952568175978
learning_rate=0.018359500831082443
hidden_size=9
attention_head_size=1
dropout=0.13128248922256097
hidden_continuous_size=8
max_epochs=500
