gradient_clip_val=0.06375829675282556
learning_rate=0.0030054397205951998
hidden_size=11
attention_head_size=2
dropout=0.25662530527524563
hidden_continuous_size=10
max_epochs=500
