gradient_clip_val=0.2796484345053552
learning_rate=0.03648605738029072
hidden_size=46
attention_head_size=1
dropout=0.22070415678391386
hidden_continuous_size=24
max_epochs=500
