gradient_clip_val=0.15992981201908232
learning_rate=0.04504028228984568
hidden_size=123
attention_head_size=2
dropout=0.17120062261249785
hidden_continuous_size=36
max_epochs=500
