gradient_clip_val=0.058737971558257975
learning_rate=0.0029823502265023064
hidden_size=48
attention_head_size=4
dropout=0.1902730968058592
hidden_continuous_size=26
max_epochs=500
