gradient_clip_val=0.2588016082305287
learning_rate=0.012620073328830438
hidden_size=24
attention_head_size=2
dropout=0.10443410890632313
hidden_continuous_size=11
max_epochs=500
