gradient_clip_val=0.6898173489937123
learning_rate=0.09236816268650894
hidden_size=63
attention_head_size=3
dropout=0.22670841190320237
hidden_continuous_size=32
max_epochs=500
