gradient_clip_val=0.14507912224959152
learning_rate=0.006767989117144931
hidden_size=15
attention_head_size=1
dropout=0.23551987483182837
hidden_continuous_size=10
max_epochs=500
