gradient_clip_val=0.02587959518645727
learning_rate=0.03779510188331303
hidden_size=42
attention_head_size=4
dropout=0.10187428515861363
hidden_continuous_size=19
max_epochs=500
