gradient_clip_val=0.11230767997608555
learning_rate=0.0030647759224137453
hidden_size=75
attention_head_size=1
dropout=0.11962297694612055
hidden_continuous_size=23
max_epochs=500
