gradient_clip_val=0.11860646269780205
learning_rate=0.030454395347337748
hidden_size=54
attention_head_size=4
dropout=0.14110092638089955
hidden_continuous_size=32
max_epochs=500
