gradient_clip_val=0.04862857284814447
learning_rate=0.0021731094910198328
hidden_size=24
attention_head_size=2
dropout=0.2516009939674979
hidden_continuous_size=17
max_epochs=500
