gradient_clip_val=0.8620730148127911
learning_rate=0.01691828638825043
hidden_size=83
attention_head_size=4
dropout=0.17114643989905962
hidden_continuous_size=11
max_epochs=500
