gradient_clip_val=0.28034135810440297
learning_rate=0.012115411118734884
hidden_size=16
attention_head_size=1
dropout=0.19481134401896605
hidden_continuous_size=13
max_epochs=500
