gradient_clip_val=0.41178140048938505
learning_rate=0.006727965571718529
hidden_size=9
attention_head_size=2
dropout=0.180192664103859
hidden_continuous_size=9
max_epochs=500
