gradient_clip_val=0.17488215007602884
learning_rate=0.02090024320778886
hidden_size=74
attention_head_size=2
dropout=0.2207797292622649
hidden_continuous_size=24
max_epochs=500
