gradient_clip_val=0.4922231482084173
learning_rate=0.02167027800274504
hidden_size=9
attention_head_size=2
dropout=0.13233252131118434
hidden_continuous_size=9
max_epochs=500
