gradient_clip_val=0.19412773110641307
learning_rate=0.001909435150407227
hidden_size=88
attention_head_size=4
dropout=0.1581003872514535
hidden_continuous_size=86
max_epochs=500
