gradient_clip_val=0.2342093555804046
learning_rate=0.040730049278609466
hidden_size=86
attention_head_size=2
dropout=0.23332872302516944
hidden_continuous_size=32
max_epochs=500
