gradient_clip_val=0.042055501715118696
learning_rate=0.08150557812943036
hidden_size=8
attention_head_size=1
dropout=0.288891442482371
hidden_continuous_size=8
max_epochs=500
