gradient_clip_val=0.7713383077437348
learning_rate=0.0024937949257053315
hidden_size=28
attention_head_size=2
dropout=0.17329132793511282
hidden_continuous_size=19
max_epochs=500
