gradient_clip_val=0.032300514718625065
learning_rate=0.02684437128817083
hidden_size=88
attention_head_size=2
dropout=0.26363207770271846
hidden_continuous_size=63
max_epochs=500
