gradient_clip_val=0.051373707634573614
learning_rate=0.06739677014496173
hidden_size=10
attention_head_size=3
dropout=0.12906841670537836
hidden_continuous_size=8
max_epochs=500
