gradient_clip_val=0.17651253973992206
learning_rate=0.014703177046128233
hidden_size=20
attention_head_size=4
dropout=0.24123604774352822
hidden_continuous_size=12
max_epochs=500
