gradient_clip_val=0.04304601738917345
learning_rate=0.0029345579324789343
hidden_size=59
attention_head_size=2
dropout=0.2893662747473259
hidden_continuous_size=52
max_epochs=500
