gradient_clip_val=0.01382497204518831
learning_rate=0.0023184444570904256
hidden_size=78
attention_head_size=3
dropout=0.2189930065287632
hidden_continuous_size=39
max_epochs=500
