gradient_clip_val=0.03863465960770353
learning_rate=0.0013870497375153223
hidden_size=23
attention_head_size=3
dropout=0.1657760535207924
hidden_continuous_size=14
max_epochs=500
