gradient_clip_val=0.41649288191626066
learning_rate=0.06340788783649483
hidden_size=87
attention_head_size=4
dropout=0.274516684369032
hidden_continuous_size=36
max_epochs=500
