gradient_clip_val=0.047563966641079605
learning_rate=0.021899283210468804
hidden_size=79
attention_head_size=4
dropout=0.2169674821036684
hidden_continuous_size=35
max_epochs=500
