gradient_clip_val=0.5841257328307616
learning_rate=0.0010537387277375011
hidden_size=28
attention_head_size=3
dropout=0.29941834483775437
hidden_continuous_size=24
max_epochs=500
