gradient_clip_val=0.7969862199868151
learning_rate=0.010415137000895395
hidden_size=19
attention_head_size=2
dropout=0.19187136424758278
hidden_continuous_size=13
max_epochs=500
