gradient_clip_val=0.1335333289396127
learning_rate=0.022856014069024957
hidden_size=17
attention_head_size=3
dropout=0.2546400594555146
hidden_continuous_size=8
max_epochs=500
