gradient_clip_val=0.08125771429199503
learning_rate=0.03848706881346685
hidden_size=45
attention_head_size=2
dropout=0.29948250165254964
hidden_continuous_size=36
max_epochs=500
