gradient_clip_val=0.014494823270133924
learning_rate=0.01413582216938076
hidden_size=10
attention_head_size=1
dropout=0.16057992444516508
hidden_continuous_size=10
max_epochs=500
