gradient_clip_val=0.2697902682229795
learning_rate=0.0030518626508831957
hidden_size=21
attention_head_size=4
dropout=0.24724071485160348
hidden_continuous_size=16
max_epochs=500
