gradient_clip_val=0.010957735584476372
learning_rate=0.0057005657804365855
hidden_size=60
attention_head_size=3
dropout=0.22405456706038915
hidden_continuous_size=29
max_epochs=500
