gradient_clip_val=0.013913451151810202
learning_rate=0.039234831398219025
hidden_size=23
attention_head_size=3
dropout=0.1501480310565218
hidden_continuous_size=11
max_epochs=500
