gradient_clip_val=0.011908912807787272
learning_rate=0.020213663500832223
hidden_size=128
attention_head_size=3
dropout=0.23568240034702473
hidden_continuous_size=15
max_epochs=500
