gradient_clip_val=0.16088083241659476
learning_rate=0.09728954385245214
hidden_size=23
attention_head_size=3
dropout=0.1926846443441269
hidden_continuous_size=19
max_epochs=500
