gradient_clip_val=0.053145568001420264
learning_rate=0.010796709168445686
hidden_size=19
attention_head_size=3
dropout=0.10482492824947416
hidden_continuous_size=10
max_epochs=500
