gradient_clip_val=0.1283336349292975
learning_rate=0.01175258764213069
hidden_size=38
attention_head_size=2
dropout=0.2905890705753853
hidden_continuous_size=18
max_epochs=500
