gradient_clip_val=0.2718030556354409
learning_rate=0.001962886836286595
hidden_size=21
attention_head_size=4
dropout=0.19014415396525447
hidden_continuous_size=10
max_epochs=500
