gradient_clip_val=0.08942535589987785
learning_rate=0.029798314746967907
hidden_size=56
attention_head_size=4
dropout=0.28725000249031774
hidden_continuous_size=16
max_epochs=500
