gradient_clip_val=0.1525117480764521
learning_rate=0.020608004053817113
hidden_size=77
attention_head_size=1
dropout=0.24523564203061157
hidden_continuous_size=13
max_epochs=500
