gradient_clip_val=0.24455636692510516
learning_rate=0.023784441284470496
hidden_size=14
attention_head_size=4
dropout=0.19021947068330922
hidden_continuous_size=13
max_epochs=500
