gradient_clip_val=0.1624207258074863
learning_rate=0.0703089219771465
hidden_size=14
attention_head_size=1
dropout=0.267335307804341
hidden_continuous_size=10
max_epochs=500
