gradient_clip_val=0.017164279871549993
learning_rate=0.04598808783401031
hidden_size=19
attention_head_size=4
dropout=0.27670711089027245
hidden_continuous_size=15
max_epochs=500
