gradient_clip_val=0.013390318453816236
learning_rate=0.03173709832687688
hidden_size=89
attention_head_size=1
dropout=0.17377622669106427
hidden_continuous_size=69
max_epochs=500
