gradient_clip_val=0.015441800512612298
learning_rate=0.02562104668801969
hidden_size=107
attention_head_size=4
dropout=0.1422216026534101
hidden_continuous_size=99
max_epochs=500
