gradient_clip_val=0.732258868479037
learning_rate=0.022986500520573157
hidden_size=13
attention_head_size=3
dropout=0.2296481195628253
hidden_continuous_size=13
max_epochs=500
