gradient_clip_val=0.038762782766125936
learning_rate=0.0014275527007718606
hidden_size=90
attention_head_size=1
dropout=0.29243328878381936
hidden_continuous_size=47
max_epochs=500
