gradient_clip_val=0.02421839507469741
learning_rate=0.018368489577403946
hidden_size=59
attention_head_size=4
dropout=0.19629749059559098
hidden_continuous_size=15
max_epochs=500
