gradient_clip_val=0.09345921315037237
learning_rate=0.020381883082861308
hidden_size=113
attention_head_size=2
dropout=0.2825340061155769
hidden_continuous_size=40
max_epochs=500
