gradient_clip_val=0.03301728735059062
learning_rate=0.012377667456335546
hidden_size=36
attention_head_size=1
dropout=0.11554029850513386
hidden_continuous_size=10
max_epochs=500
