gradient_clip_val=0.09754604584932147
learning_rate=0.004492046949946189
hidden_size=22
attention_head_size=4
dropout=0.19571774907209688
hidden_continuous_size=8
max_epochs=500
