gradient_clip_val=0.467226535598589
learning_rate=0.018960837307114967
hidden_size=45
attention_head_size=1
dropout=0.14798948981457322
hidden_continuous_size=13
max_epochs=500
