gradient_clip_val=0.013161846895368761
learning_rate=0.07391592163065187
hidden_size=45
attention_head_size=1
dropout=0.1823899563740553
hidden_continuous_size=16
max_epochs=500
