gradient_clip_val=0.548023815796579
learning_rate=0.003980366658280057
hidden_size=117
attention_head_size=3
dropout=0.10654078033558895
hidden_continuous_size=56
max_epochs=500
