gradient_clip_val=0.05421216348973276
learning_rate=0.022229376309429817
hidden_size=12
attention_head_size=3
dropout=0.20475974463944474
hidden_continuous_size=8
max_epochs=500
