gradient_clip_val=0.024672591245957567
learning_rate=0.010759712615687
hidden_size=43
attention_head_size=4
dropout=0.2171314403502893
hidden_continuous_size=11
max_epochs=500
