gradient_clip_val=0.01591064414775417
learning_rate=0.03836315971921501
hidden_size=36
attention_head_size=2
dropout=0.24347261481302598
hidden_continuous_size=26
max_epochs=500
