gradient_clip_val=0.41089481099999403
learning_rate=0.016576070084044835
hidden_size=31
attention_head_size=2
dropout=0.29261690429583564
hidden_continuous_size=25
max_epochs=500
