gradient_clip_val=0.6291524740154912
learning_rate=0.016384887175180024
hidden_size=18
attention_head_size=3
dropout=0.17568675707111392
hidden_continuous_size=8
max_epochs=500
