gradient_clip_val=0.1347719953279675
learning_rate=0.0012333313387116937
hidden_size=14
attention_head_size=4
dropout=0.2875752251781246
hidden_continuous_size=8
max_epochs=500
