gradient_clip_val=0.5222484413579395
learning_rate=0.09109610443793642
hidden_size=16
attention_head_size=3
dropout=0.27545054039419825
hidden_continuous_size=11
max_epochs=500
