gradient_clip_val=0.09394761556106189
learning_rate=0.04503865197124407
hidden_size=50
attention_head_size=1
dropout=0.27118724492850754
hidden_continuous_size=23
max_epochs=500
