gradient_clip_val=0.5261986369129229
learning_rate=0.014908448535307555
hidden_size=110
attention_head_size=3
dropout=0.24786881705656766
hidden_continuous_size=75
max_epochs=500
