gradient_clip_val=0.013985872180972709
learning_rate=0.0013608464558369053
hidden_size=107
attention_head_size=3
dropout=0.10734848683225338
hidden_continuous_size=15
max_epochs=500
