gradient_clip_val=0.25897269252039606
learning_rate=0.09613975863970027
hidden_size=87
attention_head_size=3
dropout=0.13310313454233696
hidden_continuous_size=23
max_epochs=500
