gradient_clip_val=0.047387467512137335
learning_rate=0.01792812125730315
hidden_size=63
attention_head_size=1
dropout=0.23931177822845645
hidden_continuous_size=42
max_epochs=500
