gradient_clip_val=0.07012582642311807
learning_rate=0.0027997757323217566
hidden_size=26
attention_head_size=1
dropout=0.14246150590689113
hidden_continuous_size=26
max_epochs=500
