gradient_clip_val=0.020533540603976316
learning_rate=0.03682966828377574
hidden_size=33
attention_head_size=1
dropout=0.22517236915664188
hidden_continuous_size=29
max_epochs=500
