gradient_clip_val=0.3613853579601131
learning_rate=0.0017073362074234708
hidden_size=9
attention_head_size=2
dropout=0.1199799721449423
hidden_continuous_size=9
max_epochs=500
