gradient_clip_val=0.04588550864466032
learning_rate=0.0018421976975463578
hidden_size=10
attention_head_size=1
dropout=0.21627655993615952
hidden_continuous_size=9
max_epochs=500
