gradient_clip_val=0.043602983834036234
learning_rate=0.005975190908138607
hidden_size=31
attention_head_size=1
dropout=0.157032550388647
hidden_continuous_size=27
max_epochs=500
