gradient_clip_val=0.08641069716420473
learning_rate=0.0015788538486304923
hidden_size=58
attention_head_size=1
dropout=0.18418527727617814
hidden_continuous_size=32
max_epochs=500
