gradient_clip_val=0.06679765822421176
learning_rate=0.0016997069349542105
hidden_size=33
attention_head_size=2
dropout=0.21360835017697063
hidden_continuous_size=24
max_epochs=500
