gradient_clip_val=0.014502430614179598
learning_rate=0.007656674627681946
hidden_size=8
attention_head_size=1
dropout=0.22670045306132341
hidden_continuous_size=8
max_epochs=500
