gradient_clip_val=0.22860992793702964
learning_rate=0.019359226905633492
hidden_size=18
attention_head_size=3
dropout=0.2447678650845225
hidden_continuous_size=9
max_epochs=500
