gradient_clip_val=0.35975397172601
learning_rate=0.008536185245013466
hidden_size=19
attention_head_size=2
dropout=0.2070254560638261
hidden_continuous_size=10
max_epochs=500
