gradient_clip_val=0.3792083315280666
learning_rate=0.0011442426763365674
hidden_size=24
attention_head_size=1
dropout=0.2698300993505497
hidden_continuous_size=14
max_epochs=500
