gradient_clip_val=0.8436265745341631
learning_rate=0.009298303256062892
hidden_size=13
attention_head_size=3
dropout=0.12118766800482828
hidden_continuous_size=9
max_epochs=500
