gradient_clip_val=0.40593598959641647
learning_rate=0.07620550835798455
hidden_size=116
attention_head_size=2
dropout=0.16770927672594566
hidden_continuous_size=9
max_epochs=500
