gradient_clip_val=0.011000048936183343
learning_rate=0.002595449221469065
hidden_size=14
attention_head_size=2
dropout=0.27064650866267626
hidden_continuous_size=11
max_epochs=500
