gradient_clip_val=0.10960615784785827
learning_rate=0.0016635479302560398
hidden_size=10
attention_head_size=2
dropout=0.20084951534109727
hidden_continuous_size=10
max_epochs=500
