gradient_clip_val=0.9852078245510957
learning_rate=0.004329143910050589
hidden_size=9
attention_head_size=1
dropout=0.12493299662473965
hidden_continuous_size=9
max_epochs=500
