gradient_clip_val=0.3325371616898589
learning_rate=0.0024740648932782302
hidden_size=44
attention_head_size=3
dropout=0.1030221245177429
hidden_continuous_size=14
max_epochs=500
