gradient_clip_val=0.656803333040615
learning_rate=0.011363702993260439
hidden_size=9
attention_head_size=3
dropout=0.23792331168958733
hidden_continuous_size=8
max_epochs=500
