gradient_clip_val=0.13044676635797509
learning_rate=0.015869321649476985
hidden_size=35
attention_head_size=2
dropout=0.19218860530407483
hidden_continuous_size=35
max_epochs=500
