gradient_clip_val=0.288600597012955
learning_rate=0.011542936440122931
hidden_size=110
attention_head_size=4
dropout=0.18808590154617222
hidden_continuous_size=61
max_epochs=500
