gradient_clip_val=0.010219418248344953
learning_rate=0.007529371060515722
hidden_size=102
attention_head_size=1
dropout=0.2264945829746892
hidden_continuous_size=17
max_epochs=500
