gradient_clip_val=0.526892380757093
learning_rate=0.0064573914378543195
hidden_size=23
attention_head_size=4
dropout=0.15945863051239986
hidden_continuous_size=12
max_epochs=500
