gradient_clip_val=0.014573952153292241
learning_rate=0.016229340166467314
hidden_size=97
attention_head_size=3
dropout=0.28971118176202226
hidden_continuous_size=56
max_epochs=500
