gradient_clip_val=0.1337265470026593
learning_rate=0.03222302434303943
hidden_size=36
attention_head_size=1
dropout=0.12790905072419514
hidden_continuous_size=9
max_epochs=500
