gradient_clip_val=0.5109952075682951
learning_rate=0.026893486454689298
hidden_size=20
attention_head_size=4
dropout=0.22152133193309817
hidden_continuous_size=15
max_epochs=500
