gradient_clip_val=0.2857802078128301
learning_rate=0.027855560883471634
hidden_size=22
attention_head_size=1
dropout=0.1192180946114567
hidden_continuous_size=8
max_epochs=500
