gradient_clip_val=0.01575076822849958
learning_rate=0.007643925770635557
hidden_size=52
attention_head_size=4
dropout=0.15142488449580876
hidden_continuous_size=31
max_epochs=500
