gradient_clip_val=0.6169248562671023
learning_rate=0.001255105679048865
hidden_size=9
attention_head_size=1
dropout=0.18605812703927121
hidden_continuous_size=8
max_epochs=500
