gradient_clip_val=0.018890762262813887
learning_rate=0.011649323937572158
hidden_size=8
attention_head_size=2
dropout=0.22329789456792015
hidden_continuous_size=8
max_epochs=500
