gradient_clip_val=0.25403406950345603
learning_rate=0.01670090539289596
hidden_size=104
attention_head_size=1
dropout=0.24750302854759987
hidden_continuous_size=15
max_epochs=500
