gradient_clip_val=0.27283915843551837
learning_rate=0.013604113824303338
hidden_size=17
attention_head_size=1
dropout=0.28215937817355685
hidden_continuous_size=12
max_epochs=500
