gradient_clip_val=0.01952357799738612
learning_rate=0.0320077978486036
hidden_size=14
attention_head_size=3
dropout=0.18078548003780043
hidden_continuous_size=12
max_epochs=500
