gradient_clip_val=0.6566435593522032
learning_rate=0.026557510645169907
hidden_size=20
attention_head_size=3
dropout=0.22384130500928534
hidden_continuous_size=11
max_epochs=500
