gradient_clip_val=0.07125257463441337
learning_rate=0.007790258710158907
hidden_size=56
attention_head_size=2
dropout=0.23422290278204683
hidden_continuous_size=35
max_epochs=500
