gradient_clip_val=0.23276700841395215
learning_rate=0.002500073779593377
hidden_size=74
attention_head_size=1
dropout=0.14712024368795812
hidden_continuous_size=20
max_epochs=500
