gradient_clip_val=0.08654839007063872
learning_rate=0.0020274622133220027
hidden_size=64
attention_head_size=2
dropout=0.14228070852572006
hidden_continuous_size=11
max_epochs=500
