gradient_clip_val=0.1902954419612375
learning_rate=0.03160044774861082
hidden_size=64
attention_head_size=2
dropout=0.2609234306166758
hidden_continuous_size=10
max_epochs=500
