gradient_clip_val=0.07416169694372043
learning_rate=0.08838353681089157
hidden_size=30
attention_head_size=3
dropout=0.12240239861449903
hidden_continuous_size=28
max_epochs=500
