gradient_clip_val=0.1180865524058744
learning_rate=0.0032821110076979828
hidden_size=8
attention_head_size=2
dropout=0.12731765770960085
hidden_continuous_size=8
max_epochs=500
