gradient_clip_val=0.011693965194991947
learning_rate=0.09608538946582872
hidden_size=25
attention_head_size=2
dropout=0.12746868837130246
hidden_continuous_size=14
max_epochs=500
