gradient_clip_val=0.12478570855336796
learning_rate=0.0011187657167028825
hidden_size=100
attention_head_size=1
dropout=0.25691758417843885
hidden_continuous_size=13
max_epochs=500
