gradient_clip_val=0.035761572728717037
learning_rate=0.035280135221519786
hidden_size=98
attention_head_size=2
dropout=0.24490629323846685
hidden_continuous_size=93
max_epochs=500
