gradient_clip_val=0.010355475598790879
learning_rate=0.04919206477204354
hidden_size=54
attention_head_size=2
dropout=0.2485600564466066
hidden_continuous_size=15
max_epochs=500
