gradient_clip_val=0.010773382881004118
learning_rate=0.0023013552423174935
hidden_size=77
attention_head_size=2
dropout=0.20852360936369907
hidden_continuous_size=15
max_epochs=500
