gradient_clip_val=0.057902844468894314
learning_rate=0.08112389486353178
hidden_size=105
attention_head_size=2
dropout=0.1529234626053861
hidden_continuous_size=21
max_epochs=500
