gradient_clip_val=0.026094602349502918
learning_rate=0.0024813947857897116
hidden_size=22
attention_head_size=4
dropout=0.2587068977279063
hidden_continuous_size=12
max_epochs=500
