gradient_clip_val=0.1266977737181677
learning_rate=0.008359770980659799
hidden_size=15
attention_head_size=1
dropout=0.10039398557700985
hidden_continuous_size=13
max_epochs=500
