gradient_clip_val=0.017955574156294212
learning_rate=0.01306404208813992
hidden_size=17
attention_head_size=3
dropout=0.14072881634168946
hidden_continuous_size=9
max_epochs=500
