gradient_clip_val=0.971926614943708
learning_rate=0.0017869292412127768
hidden_size=22
attention_head_size=4
dropout=0.24703166271561447
hidden_continuous_size=9
max_epochs=500
