gradient_clip_val=0.669044076322055
learning_rate=0.005396025620931308
hidden_size=8
attention_head_size=2
dropout=0.28664392256860793
hidden_continuous_size=8
max_epochs=500
