gradient_clip_val=0.018499742844124877
learning_rate=0.0017710532531427375
hidden_size=78
attention_head_size=3
dropout=0.25384565522599645
hidden_continuous_size=13
max_epochs=500
