gradient_clip_val=0.019330322041506514
learning_rate=0.007352201560867154
hidden_size=17
attention_head_size=1
dropout=0.14213355156190616
hidden_continuous_size=13
max_epochs=500
