gradient_clip_val=0.3070007930235925
learning_rate=0.008949393678265978
hidden_size=15
attention_head_size=4
dropout=0.2141254722596579
hidden_continuous_size=9
max_epochs=500
