gradient_clip_val=0.05812769819282652
learning_rate=0.0045906629869513485
hidden_size=8
attention_head_size=2
dropout=0.10782153576308565
hidden_continuous_size=8
max_epochs=500
