gradient_clip_val=0.09490809625549702
learning_rate=0.022716649919617526
hidden_size=111
attention_head_size=1
dropout=0.1497261609578339
hidden_continuous_size=37
max_epochs=500
