gradient_clip_val=0.05339475676634527
learning_rate=0.0027206970702880356
hidden_size=11
attention_head_size=1
dropout=0.23144778685077264
hidden_continuous_size=8
max_epochs=500
