gradient_clip_val=0.6770671723339243
learning_rate=0.0012731434898879666
hidden_size=55
attention_head_size=3
dropout=0.17979745442414027
hidden_continuous_size=39
max_epochs=500
