gradient_clip_val=0.13768378665747175
learning_rate=0.0028804648800511866
hidden_size=11
attention_head_size=2
dropout=0.17348379451562
hidden_continuous_size=9
max_epochs=500
