gradient_clip_val=0.03540944052656037
learning_rate=0.0015703237034323547
hidden_size=29
attention_head_size=4
dropout=0.1888415086125539
hidden_continuous_size=15
max_epochs=500
