gradient_clip_val=0.014592003941775344
learning_rate=0.006268104628132962
hidden_size=9
attention_head_size=4
dropout=0.17956767232645748
hidden_continuous_size=9
max_epochs=500
