gradient_clip_val=0.05911231981637486
learning_rate=0.0019201286896992436
hidden_size=8
attention_head_size=1
dropout=0.27685289491591736
hidden_continuous_size=8
max_epochs=500
