gradient_clip_val=0.28060158679770797
learning_rate=0.07686607003193197
hidden_size=33
attention_head_size=4
dropout=0.1186956100538362
hidden_continuous_size=19
max_epochs=500
