gradient_clip_val=0.050118914750402546
learning_rate=0.01070850594382895
hidden_size=40
attention_head_size=3
dropout=0.279947623269135
hidden_continuous_size=28
max_epochs=500
