gradient_clip_val=0.08616788277162682
learning_rate=0.0068742435974700694
hidden_size=32
attention_head_size=3
dropout=0.1925598107296057
hidden_continuous_size=24
max_epochs=500
