gradient_clip_val=0.2293134634053757
learning_rate=0.0018479348299589244
hidden_size=8
attention_head_size=1
dropout=0.21805823634550525
hidden_continuous_size=8
max_epochs=500
