gradient_clip_val=0.08958247066416809
learning_rate=0.0010156397283588583
hidden_size=11
attention_head_size=1
dropout=0.11196993983878166
hidden_continuous_size=9
max_epochs=500
