gradient_clip_val=0.04578481985708856
learning_rate=0.0013931408314293687
hidden_size=65
attention_head_size=1
dropout=0.14327855433027975
hidden_continuous_size=12
max_epochs=500
