gradient_clip_val=0.1651943548474646
learning_rate=0.012522852916041296
hidden_size=17
attention_head_size=3
dropout=0.19799058865703506
hidden_continuous_size=16
max_epochs=500
