gradient_clip_val=0.0886766483389155
learning_rate=0.00844599307480922
hidden_size=50
attention_head_size=4
dropout=0.1639948800244743
hidden_continuous_size=39
max_epochs=500
