gradient_clip_val=0.025311783484286206
learning_rate=0.039487873054734175
hidden_size=14
attention_head_size=3
dropout=0.2694799599346065
hidden_continuous_size=12
max_epochs=500
