gradient_clip_val=0.26463708555823023
learning_rate=0.0532109026018969
hidden_size=111
attention_head_size=1
dropout=0.10333896317276092
hidden_continuous_size=54
max_epochs=500
