gradient_clip_val=0.8255750527685888
learning_rate=0.0014484361952362293
hidden_size=8
attention_head_size=2
dropout=0.22147176377259745
hidden_continuous_size=8
max_epochs=500
