gradient_clip_val=0.017691600256686858
learning_rate=0.005016513823440581
hidden_size=23
attention_head_size=1
dropout=0.19358664066600073
hidden_continuous_size=10
max_epochs=500
