gradient_clip_val=0.01652386381016715
learning_rate=0.001309688289448353
hidden_size=8
attention_head_size=3
dropout=0.21379761003723874
hidden_continuous_size=8
max_epochs=500
