gradient_clip_val=0.10313185256500809
learning_rate=0.018302060757089164
hidden_size=24
attention_head_size=3
dropout=0.27610630730270863
hidden_continuous_size=20
max_epochs=500
