gradient_clip_val=0.16206886855353514
learning_rate=0.014077990092453727
hidden_size=107
attention_head_size=3
dropout=0.24575556259668802
hidden_continuous_size=23
max_epochs=500
