gradient_clip_val=0.03221798872045191
learning_rate=0.0011429455809607936
hidden_size=9
attention_head_size=1
dropout=0.2112172664466787
hidden_continuous_size=9
max_epochs=500
