gradient_clip_val=0.9181132479046504
learning_rate=0.02253116463429308
hidden_size=56
attention_head_size=3
dropout=0.14743921965085316
hidden_continuous_size=9
max_epochs=500
