gradient_clip_val=0.46166444098906595
learning_rate=0.05199596979618791
hidden_size=29
attention_head_size=1
dropout=0.1692403742979137
hidden_continuous_size=29
max_epochs=500
