gradient_clip_val=0.889652059742892
learning_rate=0.036196957692339736
hidden_size=82
attention_head_size=1
dropout=0.11619367496744924
hidden_continuous_size=22
max_epochs=500
