gradient_clip_val=0.02142382153596507
learning_rate=0.0022152156269052065
hidden_size=9
attention_head_size=4
dropout=0.15117381394605597
hidden_continuous_size=9
max_epochs=500
