gradient_clip_val=0.14541438505894416
learning_rate=0.058614788590704216
hidden_size=9
attention_head_size=2
dropout=0.18027919051619984
hidden_continuous_size=9
max_epochs=500
