gradient_clip_val=0.6160319986696833
learning_rate=0.055295271761992094
hidden_size=18
attention_head_size=4
dropout=0.13054331466326596
hidden_continuous_size=16
max_epochs=500
