gradient_clip_val=0.015217380260381174
learning_rate=0.08421487780718126
hidden_size=35
attention_head_size=3
dropout=0.20280985081606107
hidden_continuous_size=21
max_epochs=500
