gradient_clip_val=0.06783810813219686
learning_rate=0.04944266423077775
hidden_size=14
attention_head_size=4
dropout=0.1475186636024823
hidden_continuous_size=8
max_epochs=500
