gradient_clip_val=0.020743208187869466
learning_rate=0.03176341332295691
hidden_size=58
attention_head_size=1
dropout=0.17214862188279556
hidden_continuous_size=50
max_epochs=500
