gradient_clip_val=0.6863269584665231
learning_rate=0.07782001611118959
hidden_size=26
attention_head_size=3
dropout=0.20145172680843143
hidden_continuous_size=8
max_epochs=500
