gradient_clip_val=0.05997565037112881
learning_rate=0.0037774180980411163
hidden_size=41
attention_head_size=1
dropout=0.22597848217456729
hidden_continuous_size=19
max_epochs=500
