gradient_clip_val=0.014029151187906866
learning_rate=0.02690290425029858
hidden_size=81
attention_head_size=4
dropout=0.24363930370574252
hidden_continuous_size=25
max_epochs=500
