gradient_clip_val=0.01871838803846035
learning_rate=0.019103165189852778
hidden_size=19
attention_head_size=1
dropout=0.27296828647223204
hidden_continuous_size=9
max_epochs=500
