gradient_clip_val=0.07123939139182256
learning_rate=0.0013771967848526282
hidden_size=14
attention_head_size=4
dropout=0.17497529796683553
hidden_continuous_size=11
max_epochs=500
