gradient_clip_val=0.05193714118193285
learning_rate=0.0022227199045130553
hidden_size=27
attention_head_size=1
dropout=0.21435016344518318
hidden_continuous_size=10
max_epochs=500
