gradient_clip_val=0.12817723702082648
learning_rate=0.084307767369468
hidden_size=74
attention_head_size=4
dropout=0.12285279451630271
hidden_continuous_size=14
max_epochs=500
