gradient_clip_val=0.6276566284150283
learning_rate=0.0023068257069846702
hidden_size=15
attention_head_size=1
dropout=0.18374319733257177
hidden_continuous_size=15
max_epochs=500
