gradient_clip_val=0.2714441737610123
learning_rate=0.014225958044518363
hidden_size=75
attention_head_size=3
dropout=0.13407753983108722
hidden_continuous_size=18
max_epochs=500
