gradient_clip_val=0.017286986590573296
learning_rate=0.013412840093392584
hidden_size=9
attention_head_size=1
dropout=0.2802015884057576
hidden_continuous_size=8
max_epochs=500
