gradient_clip_val=0.2604742603316151
learning_rate=0.004382068788916343
hidden_size=107
attention_head_size=2
dropout=0.2186339929301253
hidden_continuous_size=54
max_epochs=500
