gradient_clip_val=0.35062467156293753
learning_rate=0.001070243925434826
hidden_size=28
attention_head_size=2
dropout=0.12792673299200663
hidden_continuous_size=19
max_epochs=500
