gradient_clip_val=0.8786119321180349
learning_rate=0.0018712737272091125
hidden_size=22
attention_head_size=4
dropout=0.1516288767687863
hidden_continuous_size=21
max_epochs=500
