gradient_clip_val=0.21529905180817097
learning_rate=0.027856615806066066
hidden_size=49
attention_head_size=2
dropout=0.14325745349078184
hidden_continuous_size=15
max_epochs=500
