gradient_clip_val=0.019840104531819724
learning_rate=0.002354237960337072
hidden_size=12
attention_head_size=3
dropout=0.14446697089165803
hidden_continuous_size=8
max_epochs=500
