gradient_clip_val=0.03539732483128349
learning_rate=0.0010609672985746614
hidden_size=84
attention_head_size=2
dropout=0.23095998551734406
hidden_continuous_size=82
max_epochs=500
