gradient_clip_val=0.315780542566076
learning_rate=0.0026630419356964367
hidden_size=11
attention_head_size=4
dropout=0.20450377055783492
hidden_continuous_size=11
max_epochs=500
