gradient_clip_val=0.044393472496610055
learning_rate=0.061970527477870255
hidden_size=29
attention_head_size=3
dropout=0.11615023349393427
hidden_continuous_size=20
max_epochs=500
