gradient_clip_val=0.025367904814999148
learning_rate=0.002820110980305723
hidden_size=37
attention_head_size=2
dropout=0.2767156140185484
hidden_continuous_size=24
max_epochs=500
