gradient_clip_val=0.012744430204446638
learning_rate=0.009276329363850809
hidden_size=12
attention_head_size=1
dropout=0.14274147450911154
hidden_continuous_size=11
max_epochs=500
