gradient_clip_val=0.1114012074892753
learning_rate=0.0016321067166371482
hidden_size=49
attention_head_size=2
dropout=0.1762847875023327
hidden_continuous_size=19
max_epochs=500
