gradient_clip_val=0.1134876577688231
learning_rate=0.014693790798330558
hidden_size=75
attention_head_size=3
dropout=0.10884448125364146
hidden_continuous_size=37
max_epochs=500
