gradient_clip_val=0.04868029486465709
learning_rate=0.03338070206656113
hidden_size=17
attention_head_size=2
dropout=0.2444046328918265
hidden_continuous_size=17
max_epochs=500
