gradient_clip_val=0.21933394661030875
learning_rate=0.050588639290077723
hidden_size=58
attention_head_size=4
dropout=0.1310357262891005
hidden_continuous_size=9
max_epochs=500
