gradient_clip_val=0.05652418646293591
learning_rate=0.0043656484906383
hidden_size=110
attention_head_size=2
dropout=0.2813420149924174
hidden_continuous_size=9
max_epochs=500
