gradient_clip_val=0.01659541523281741
learning_rate=0.04792002102023033
hidden_size=22
attention_head_size=1
dropout=0.29516217927437094
hidden_continuous_size=15
max_epochs=500
