gradient_clip_val=0.0402767876851694
learning_rate=0.03903164938912575
hidden_size=41
attention_head_size=1
dropout=0.2399992266210296
hidden_continuous_size=8
max_epochs=500
