gradient_clip_val=0.8430221966838917
learning_rate=0.016764805496018557
hidden_size=37
attention_head_size=1
dropout=0.19402372464320777
hidden_continuous_size=23
max_epochs=500
