gradient_clip_val=0.5847841218135805
learning_rate=0.0011324931008745366
hidden_size=22
attention_head_size=4
dropout=0.15782421184912993
hidden_continuous_size=22
max_epochs=500
