gradient_clip_val=0.08894270827309066
learning_rate=0.007590013981028254
hidden_size=13
attention_head_size=4
dropout=0.13680042612454127
hidden_continuous_size=9
max_epochs=500
