gradient_clip_val=0.01989106890550174
learning_rate=0.001373252301438121
hidden_size=9
attention_head_size=4
dropout=0.27559946890467485
hidden_continuous_size=9
max_epochs=500
