gradient_clip_val=0.15313874184188872
learning_rate=0.02530533035728067
hidden_size=117
attention_head_size=4
dropout=0.20040851869979676
hidden_continuous_size=105
max_epochs=500
