gradient_clip_val=0.4053914165804815
learning_rate=0.0015249256921883903
hidden_size=60
attention_head_size=4
dropout=0.12822350173472577
hidden_continuous_size=40
max_epochs=500
