gradient_clip_val=0.098822460315728
learning_rate=0.0012502680441842358
hidden_size=13
attention_head_size=1
dropout=0.11469471671951303
hidden_continuous_size=9
max_epochs=500
