gradient_clip_val=0.052183555368744035
learning_rate=0.0198560111514729
hidden_size=45
attention_head_size=1
dropout=0.10564497457464145
hidden_continuous_size=44
max_epochs=500
