gradient_clip_val=0.34909994771806474
learning_rate=0.002173242607980007
hidden_size=14
attention_head_size=2
dropout=0.2919967384295681
hidden_continuous_size=9
max_epochs=500
