gradient_clip_val=0.09304728784624115
learning_rate=0.09142083578923357
hidden_size=54
attention_head_size=4
dropout=0.1432754858300712
hidden_continuous_size=46
max_epochs=500
