gradient_clip_val=0.4856288917351722
learning_rate=0.00503255265505931
hidden_size=52
attention_head_size=3
dropout=0.20268730204518434
hidden_continuous_size=8
max_epochs=500
