gradient_clip_val=0.03177448404343852
learning_rate=0.09836114924375053
hidden_size=44
attention_head_size=1
dropout=0.22059037813246696
hidden_continuous_size=44
max_epochs=500
