gradient_clip_val=0.06873147571048314
learning_rate=0.003915352316352983
hidden_size=120
attention_head_size=2
dropout=0.2633756009190086
hidden_continuous_size=14
max_epochs=500
