gradient_clip_val=0.5974485364410567
learning_rate=0.08676767511994322
hidden_size=73
attention_head_size=4
dropout=0.11944149589771902
hidden_continuous_size=39
max_epochs=500
