gradient_clip_val=0.012341634176565397
learning_rate=0.008103001822658317
hidden_size=29
attention_head_size=4
dropout=0.16907939753536327
hidden_continuous_size=24
max_epochs=500
