gradient_clip_val=0.07616195390216647
learning_rate=0.008824989754450905
hidden_size=54
attention_head_size=1
dropout=0.23110837523342478
hidden_continuous_size=9
max_epochs=500
