gradient_clip_val=0.27874927352509743
learning_rate=0.002153212031103722
hidden_size=13
attention_head_size=1
dropout=0.2876511306795959
hidden_continuous_size=10
max_epochs=500
