gradient_clip_val=0.5663975570179626
learning_rate=0.002441667519153606
hidden_size=12
attention_head_size=3
dropout=0.20278183769903557
hidden_continuous_size=12
max_epochs=500
