gradient_clip_val=0.08384285530349951
learning_rate=0.01476616372392336
hidden_size=8
attention_head_size=1
dropout=0.2736757378610975
hidden_continuous_size=8
max_epochs=500
