gradient_clip_val=0.3363233724910132
learning_rate=0.006234196432977041
hidden_size=11
attention_head_size=2
dropout=0.2708023575940136
hidden_continuous_size=8
max_epochs=500
