gradient_clip_val=0.013877620676156397
learning_rate=0.0012598297294935164
hidden_size=19
attention_head_size=4
dropout=0.24309163883531618
hidden_continuous_size=8
max_epochs=500
