gradient_clip_val=0.033861803665011216
learning_rate=0.029008453262054656
hidden_size=110
attention_head_size=4
dropout=0.2316157843179403
hidden_continuous_size=76
max_epochs=500
