gradient_clip_val=0.21754207610992812
learning_rate=0.016019523031050895
hidden_size=28
attention_head_size=1
dropout=0.25565088133940683
hidden_continuous_size=16
max_epochs=500
