gradient_clip_val=0.025789811447028077
learning_rate=0.04712469559740325
hidden_size=10
attention_head_size=1
dropout=0.269621244505785
hidden_continuous_size=9
max_epochs=500
