gradient_clip_val=0.33572704430516553
learning_rate=0.023667317567680174
hidden_size=21
attention_head_size=4
dropout=0.11467998814696208
hidden_continuous_size=11
max_epochs=500
