gradient_clip_val=0.2087336272407071
learning_rate=0.005678165046041617
hidden_size=21
attention_head_size=2
dropout=0.15038837052829918
hidden_continuous_size=10
max_epochs=500
