gradient_clip_val=0.5185335952317912
learning_rate=0.003534527804892785
hidden_size=9
attention_head_size=3
dropout=0.14725050091153147
hidden_continuous_size=8
max_epochs=500
