gradient_clip_val=0.23700682120730926
learning_rate=0.006935315613137132
hidden_size=25
attention_head_size=4
dropout=0.2251328688890957
hidden_continuous_size=12
max_epochs=500
