gradient_clip_val=0.06765034962724435
learning_rate=0.007498828151334523
hidden_size=52
attention_head_size=3
dropout=0.14415493518443198
hidden_continuous_size=50
max_epochs=500
