gradient_clip_val=0.0928479837753224
learning_rate=0.03334644681923406
hidden_size=22
attention_head_size=1
dropout=0.14559177693355818
hidden_continuous_size=12
max_epochs=500
