gradient_clip_val=0.06670752026773268
learning_rate=0.01257874518418568
hidden_size=53
attention_head_size=1
dropout=0.2651316282905165
hidden_continuous_size=41
max_epochs=500
