gradient_clip_val=0.0345144335193551
learning_rate=0.02485156858913289
hidden_size=26
attention_head_size=2
dropout=0.1651859781393384
hidden_continuous_size=9
max_epochs=500
