gradient_clip_val=0.020646062082183905
learning_rate=0.003502668489051317
hidden_size=16
attention_head_size=2
dropout=0.27897164643986216
hidden_continuous_size=8
max_epochs=500
