gradient_clip_val=0.5528497175650013
learning_rate=0.016254976845126026
hidden_size=42
attention_head_size=1
dropout=0.21262207258903118
hidden_continuous_size=33
max_epochs=500
