gradient_clip_val=0.032566820920061815
learning_rate=0.0310128631895304
hidden_size=37
attention_head_size=4
dropout=0.23663644655496954
hidden_continuous_size=14
max_epochs=500
