gradient_clip_val=0.02028598573397011
learning_rate=0.0011143514860537398
hidden_size=42
attention_head_size=2
dropout=0.1342617810016967
hidden_continuous_size=17
max_epochs=500
