gradient_clip_val=0.03767569794795011
learning_rate=0.03567796862626665
hidden_size=42
attention_head_size=3
dropout=0.10344531836307823
hidden_continuous_size=16
max_epochs=500
