gradient_clip_val=0.17858076111125823
learning_rate=0.0035634096673449436
hidden_size=31
attention_head_size=2
dropout=0.15361849928513846
hidden_continuous_size=8
max_epochs=500
