gradient_clip_val=0.014108029153383371
learning_rate=0.013487228860554977
hidden_size=36
attention_head_size=2
dropout=0.2590559296705396
hidden_continuous_size=17
max_epochs=500
