gradient_clip_val=0.5021261821196646
learning_rate=0.02272725563471744
hidden_size=27
attention_head_size=3
dropout=0.28007065619096877
hidden_continuous_size=19
max_epochs=500
