gradient_clip_val=0.45472627892736656
learning_rate=0.001109044355254012
hidden_size=52
attention_head_size=2
dropout=0.27865190170244253
hidden_continuous_size=11
max_epochs=500
