gradient_clip_val=0.11225667506646307
learning_rate=0.008632909463491217
hidden_size=123
attention_head_size=2
dropout=0.1605540757408151
hidden_continuous_size=98
max_epochs=500
