gradient_clip_val=0.8218879927901263
learning_rate=0.028356598121112752
hidden_size=14
attention_head_size=1
dropout=0.15164118330215653
hidden_continuous_size=14
max_epochs=500
