gradient_clip_val=0.11224127775209346
learning_rate=0.020147866954925278
hidden_size=70
attention_head_size=2
dropout=0.20650524054026306
hidden_continuous_size=13
max_epochs=500
