gradient_clip_val=0.022269222245267044
learning_rate=0.030175845401642497
hidden_size=67
attention_head_size=2
dropout=0.1152085528864558
hidden_continuous_size=30
max_epochs=500
