gradient_clip_val=0.14191796526697006
learning_rate=0.042383587018936006
hidden_size=61
attention_head_size=4
dropout=0.12099740405969606
hidden_continuous_size=53
max_epochs=500
