gradient_clip_val=0.026234114640575026
learning_rate=0.03927488885003479
hidden_size=84
attention_head_size=3
dropout=0.223136108814471
hidden_continuous_size=41
max_epochs=500
