gradient_clip_val=0.04604018980723096
learning_rate=0.07398047325621583
hidden_size=16
attention_head_size=3
dropout=0.17156973406881149
hidden_continuous_size=8
max_epochs=500
