gradient_clip_val=0.09061685423832957
learning_rate=0.07967166804301486
hidden_size=22
attention_head_size=1
dropout=0.29976719022179343
hidden_continuous_size=9
max_epochs=500
