gradient_clip_val=0.027958299216752094
learning_rate=0.061464431408509976
hidden_size=15
attention_head_size=1
dropout=0.1676126748108414
hidden_continuous_size=13
max_epochs=500
