gradient_clip_val=0.05066561238159846
learning_rate=0.0030677986442408972
hidden_size=15
attention_head_size=2
dropout=0.13798238730182003
hidden_continuous_size=8
max_epochs=500
