gradient_clip_val=0.05052514988101999
learning_rate=0.011214033996781515
hidden_size=127
attention_head_size=4
dropout=0.13657512185366144
hidden_continuous_size=9
max_epochs=500
