gradient_clip_val=0.016258055427263073
learning_rate=0.001282822612745418
hidden_size=27
attention_head_size=3
dropout=0.201407695680082
hidden_continuous_size=15
max_epochs=500
