gradient_clip_val=0.05528158337908561
learning_rate=0.048861066261292885
hidden_size=40
attention_head_size=4
dropout=0.2993418484857484
hidden_continuous_size=11
max_epochs=500
