gradient_clip_val=0.019302752128856692
learning_rate=0.002101118342752921
hidden_size=30
attention_head_size=3
dropout=0.11602813976977584
hidden_continuous_size=16
max_epochs=500
