gradient_clip_val=0.4908224060450713
learning_rate=0.0027221910741274335
hidden_size=67
attention_head_size=1
dropout=0.1068272674660009
hidden_continuous_size=11
max_epochs=500
