gradient_clip_val=0.1488126317152216
learning_rate=0.015011380859957887
hidden_size=8
attention_head_size=1
dropout=0.11507004116418072
hidden_continuous_size=8
max_epochs=500
