gradient_clip_val=0.12476689007103307
learning_rate=0.07045808408972029
hidden_size=18
attention_head_size=3
dropout=0.19196934105599556
hidden_continuous_size=8
max_epochs=500
