gradient_clip_val=0.05414928743186824
learning_rate=0.004059149630925794
hidden_size=54
attention_head_size=2
dropout=0.25563672802859516
hidden_continuous_size=27
max_epochs=500
