gradient_clip_val=0.18804738410304822
learning_rate=0.0025795963294666453
hidden_size=17
attention_head_size=1
dropout=0.1628843701390276
hidden_continuous_size=10
max_epochs=500
