gradient_clip_val=0.09309468174621384
learning_rate=0.01462989916135034
hidden_size=10
attention_head_size=2
dropout=0.20786794335089448
hidden_continuous_size=9
max_epochs=500
