gradient_clip_val=0.14281693321180022
learning_rate=0.001964911334066512
hidden_size=21
attention_head_size=2
dropout=0.10084091986563562
hidden_continuous_size=9
max_epochs=500
