gradient_clip_val=0.0683501290025124
learning_rate=0.020525299149821756
hidden_size=15
attention_head_size=1
dropout=0.27443652295261944
hidden_continuous_size=12
max_epochs=500
