gradient_clip_val=0.23401791389310575
learning_rate=0.002402782192725544
hidden_size=109
attention_head_size=3
dropout=0.2656042154011462
hidden_continuous_size=94
max_epochs=500
