gradient_clip_val=0.016232727526670904
learning_rate=0.032831494508992254
hidden_size=89
attention_head_size=2
dropout=0.11962257111811399
hidden_continuous_size=27
max_epochs=500
