gradient_clip_val=0.03315748187461997
learning_rate=0.03764453010542081
hidden_size=8
attention_head_size=3
dropout=0.2923512346011772
hidden_continuous_size=8
max_epochs=500
