gradient_clip_val=0.018267964946409396
learning_rate=0.013853709108484593
hidden_size=104
attention_head_size=2
dropout=0.11830276256402557
hidden_continuous_size=28
max_epochs=500
