gradient_clip_val=0.05474987957075825
learning_rate=0.0012436955286908434
hidden_size=41
attention_head_size=1
dropout=0.19503365994008648
hidden_continuous_size=13
max_epochs=500
