gradient_clip_val=0.2667799059472216
learning_rate=0.025695090711848285
hidden_size=17
attention_head_size=1
dropout=0.270148739450233
hidden_continuous_size=8
max_epochs=500
