gradient_clip_val=0.010751805350693724
learning_rate=0.004467409781328664
hidden_size=41
attention_head_size=1
dropout=0.2838674860707358
hidden_continuous_size=13
max_epochs=500
