gradient_clip_val=0.9459164981468104
learning_rate=0.03252472637983043
hidden_size=48
attention_head_size=3
dropout=0.11528293342553009
hidden_continuous_size=8
max_epochs=500
