gradient_clip_val=0.012655874650059996
learning_rate=0.08530932326269595
hidden_size=59
attention_head_size=4
dropout=0.14725708977207436
hidden_continuous_size=17
max_epochs=500
