gradient_clip_val=0.4324564018932264
learning_rate=0.06283288316563256
hidden_size=63
attention_head_size=1
dropout=0.2125246052026854
hidden_continuous_size=8
max_epochs=500
