gradient_clip_val=0.030819587024815267
learning_rate=0.0043229938551063085
hidden_size=113
attention_head_size=1
dropout=0.21125439037421687
hidden_continuous_size=50
max_epochs=500
