gradient_clip_val=0.011615319563279238
learning_rate=0.0012995114158543765
hidden_size=37
attention_head_size=2
dropout=0.27383109216613294
hidden_continuous_size=30
max_epochs=500
