gradient_clip_val=0.7908453797905336
learning_rate=0.09456839461575417
hidden_size=61
attention_head_size=1
dropout=0.14767209120079589
hidden_continuous_size=47
max_epochs=500
