gradient_clip_val=0.6476405220072834
learning_rate=0.004304394841346888
hidden_size=89
attention_head_size=1
dropout=0.11741427831602425
hidden_continuous_size=39
max_epochs=500
