gradient_clip_val=0.6916006829555372
learning_rate=0.0017217833906446151
hidden_size=69
attention_head_size=2
dropout=0.2053610288364538
hidden_continuous_size=51
max_epochs=500
