gradient_clip_val=0.2245241945024278
learning_rate=0.01163574287805089
hidden_size=9
attention_head_size=2
dropout=0.15547900430647696
hidden_continuous_size=8
max_epochs=500
