gradient_clip_val=0.20316612685441743
learning_rate=0.0011034343270242834
hidden_size=54
attention_head_size=3
dropout=0.20463712439916915
hidden_continuous_size=11
max_epochs=500
