gradient_clip_val=0.0419961804503491
learning_rate=0.007876438297508595
hidden_size=64
attention_head_size=3
dropout=0.2826517192273337
hidden_continuous_size=59
max_epochs=500
