gradient_clip_val=0.08240863657364872
learning_rate=0.09288470464980868
hidden_size=27
attention_head_size=3
dropout=0.20525191577431184
hidden_continuous_size=10
max_epochs=500
