gradient_clip_val=0.010596455748599819
learning_rate=0.018684797102489666
hidden_size=14
attention_head_size=3
dropout=0.15405954373944472
hidden_continuous_size=8
max_epochs=500
