gradient_clip_val=0.021695141502759186
learning_rate=0.008673801787169505
hidden_size=8
attention_head_size=2
dropout=0.11095104711808029
hidden_continuous_size=8
max_epochs=500
