gradient_clip_val=0.014743141925790421
learning_rate=0.003331122984625124
hidden_size=36
attention_head_size=4
dropout=0.21896031047989023
hidden_continuous_size=14
max_epochs=500
