gradient_clip_val=0.04730134389604177
learning_rate=0.022359450163429367
hidden_size=28
attention_head_size=3
dropout=0.15335431830342014
hidden_continuous_size=9
max_epochs=500
