gradient_clip_val=0.23635114581783107
learning_rate=0.020870740081442966
hidden_size=32
attention_head_size=4
dropout=0.11408947338724654
hidden_continuous_size=10
max_epochs=500
