gradient_clip_val=0.36128184085502824
learning_rate=0.0010063062153107317
hidden_size=26
attention_head_size=1
dropout=0.2535659681517607
hidden_continuous_size=21
max_epochs=500
