gradient_clip_val=0.018704901777372857
learning_rate=0.009395153394308967
hidden_size=10
attention_head_size=2
dropout=0.23036519708299202
hidden_continuous_size=9
max_epochs=500
