gradient_clip_val=0.28361782992152246
learning_rate=0.05057662604381075
hidden_size=66
attention_head_size=1
dropout=0.14685014882514752
hidden_continuous_size=13
max_epochs=500
