gradient_clip_val=0.21905520842295823
learning_rate=0.013327561530301133
hidden_size=53
attention_head_size=4
dropout=0.12677478468022643
hidden_continuous_size=43
max_epochs=500
