gradient_clip_val=0.07255641501267159
learning_rate=0.031080579254455575
hidden_size=37
attention_head_size=2
dropout=0.20405393379029452
hidden_continuous_size=9
max_epochs=500
