gradient_clip_val=0.06346641603473642
learning_rate=0.011605684696574688
hidden_size=25
attention_head_size=2
dropout=0.29108861818043885
hidden_continuous_size=24
max_epochs=500
