gradient_clip_val=0.018117102974027646
learning_rate=0.07350998351032498
hidden_size=18
attention_head_size=1
dropout=0.21195370675447667
hidden_continuous_size=13
max_epochs=500
