gradient_clip_val=0.956625848227461
learning_rate=0.022896792691047125
hidden_size=21
attention_head_size=1
dropout=0.11959776464574788
hidden_continuous_size=19
max_epochs=500
