gradient_clip_val=0.04673958240227202
learning_rate=0.003754237323271586
hidden_size=68
attention_head_size=1
dropout=0.1568502287220508
hidden_continuous_size=22
max_epochs=500
