gradient_clip_val=0.8680120327227988
learning_rate=0.007769988150547561
hidden_size=23
attention_head_size=3
dropout=0.1087347975602233
hidden_continuous_size=14
max_epochs=500
