gradient_clip_val=0.22097895946704516
learning_rate=0.003100713839030963
hidden_size=19
attention_head_size=2
dropout=0.13450934790917335
hidden_continuous_size=14
max_epochs=500
