gradient_clip_val=0.1469436045288071
learning_rate=0.009186739584087453
hidden_size=9
attention_head_size=2
dropout=0.14011219290654794
hidden_continuous_size=9
max_epochs=500
