gradient_clip_val=0.04370641401619771
learning_rate=0.012183327215034297
hidden_size=49
attention_head_size=2
dropout=0.2768861603126208
hidden_continuous_size=11
max_epochs=500
