gradient_clip_val=0.490165281999411
learning_rate=0.022953967310202893
hidden_size=64
attention_head_size=1
dropout=0.16330453774801604
hidden_continuous_size=45
max_epochs=500
