gradient_clip_val=0.04841814263421371
learning_rate=0.0034525178298967204
hidden_size=18
attention_head_size=1
dropout=0.2644660625962059
hidden_continuous_size=13
max_epochs=500
