gradient_clip_val=0.044717989751415374
learning_rate=0.003481628347319328
hidden_size=43
attention_head_size=3
dropout=0.21850345563524187
hidden_continuous_size=17
max_epochs=500
