gradient_clip_val=0.027609821331597218
learning_rate=0.017613231743481655
hidden_size=62
attention_head_size=2
dropout=0.2899396317701214
hidden_continuous_size=19
max_epochs=500
