gradient_clip_val=0.47401156359257607
learning_rate=0.07947620386866969
hidden_size=102
attention_head_size=2
dropout=0.19187929596158876
hidden_continuous_size=25
max_epochs=500
