gradient_clip_val=0.029382287331159267
learning_rate=0.004147504024520509
hidden_size=10
attention_head_size=2
dropout=0.2670752052648513
hidden_continuous_size=10
max_epochs=500
