gradient_clip_val=0.03707238407859402
learning_rate=0.003912209211846808
hidden_size=39
attention_head_size=3
dropout=0.16105777662753534
hidden_continuous_size=35
max_epochs=500
