gradient_clip_val=0.013457198285611508
learning_rate=0.03058658421958224
hidden_size=48
attention_head_size=1
dropout=0.19332660140746688
hidden_continuous_size=41
max_epochs=500
