gradient_clip_val=0.24704636354749313
learning_rate=0.059054898316833714
hidden_size=11
attention_head_size=3
dropout=0.2353164590385987
hidden_continuous_size=8
max_epochs=500
