gradient_clip_val=0.059875222783479044
learning_rate=0.007044131767621585
hidden_size=34
attention_head_size=2
dropout=0.24648498265955007
hidden_continuous_size=26
max_epochs=500
