gradient_clip_val=0.011965881616268
learning_rate=0.006241437295925689
hidden_size=92
attention_head_size=1
dropout=0.27547905590486677
hidden_continuous_size=63
max_epochs=500
