gradient_clip_val=0.02217001614653304
learning_rate=0.013723487818030618
hidden_size=57
attention_head_size=3
dropout=0.13747289393927184
hidden_continuous_size=56
max_epochs=500
