gradient_clip_val=0.05529725857249496
learning_rate=0.06629674789933378
hidden_size=8
attention_head_size=2
dropout=0.24175606168282396
hidden_continuous_size=8
max_epochs=500
