gradient_clip_val=0.18736116266329736
learning_rate=0.01235163158318434
hidden_size=87
attention_head_size=3
dropout=0.2748381928082416
hidden_continuous_size=26
max_epochs=500
