gradient_clip_val=0.7565605990124888
learning_rate=0.0386066264447907
hidden_size=20
attention_head_size=3
dropout=0.1752931795531375
hidden_continuous_size=9
max_epochs=500
