gradient_clip_val=0.27191894136612504
learning_rate=0.0057316448526154185
hidden_size=68
attention_head_size=4
dropout=0.19418537809644354
hidden_continuous_size=38
max_epochs=500
