gradient_clip_val=0.09792713343720538
learning_rate=0.0015069696298080524
hidden_size=55
attention_head_size=3
dropout=0.22673899272535128
hidden_continuous_size=19
max_epochs=500
