gradient_clip_val=0.1186463736814869
learning_rate=0.015271763422484201
hidden_size=9
attention_head_size=4
dropout=0.2727225888468984
hidden_continuous_size=8
max_epochs=500
