gradient_clip_val=0.021358340813532165
learning_rate=0.04172087927017597
hidden_size=54
attention_head_size=4
dropout=0.23529163664949973
hidden_continuous_size=38
max_epochs=500
