gradient_clip_val=0.31920597663525563
learning_rate=0.0011470202054850356
hidden_size=30
attention_head_size=4
dropout=0.17471181851779455
hidden_continuous_size=10
max_epochs=500
