gradient_clip_val=0.1707105059407957
learning_rate=0.03318342093655101
hidden_size=28
attention_head_size=2
dropout=0.22609922773861388
hidden_continuous_size=13
max_epochs=500
