gradient_clip_val=0.010234815225124781
learning_rate=0.019394321039236714
hidden_size=110
attention_head_size=4
dropout=0.28909770309791316
hidden_continuous_size=67
max_epochs=500
