gradient_clip_val=0.5360332780190854
learning_rate=0.06765161165042353
hidden_size=12
attention_head_size=2
dropout=0.2206508940886726
hidden_continuous_size=10
max_epochs=500
