gradient_clip_val=0.18998786691927666
learning_rate=0.0014372944752128805
hidden_size=64
attention_head_size=3
dropout=0.2988987678454269
hidden_continuous_size=31
max_epochs=500
