gradient_clip_val=0.0414692396072773
learning_rate=0.009646556507980146
hidden_size=21
attention_head_size=2
dropout=0.1639576047422307
hidden_continuous_size=9
max_epochs=500
