gradient_clip_val=0.6087697676646011
learning_rate=0.0219976056803801
hidden_size=68
attention_head_size=2
dropout=0.27338704280333287
hidden_continuous_size=25
max_epochs=500
