gradient_clip_val=0.09271890193373869
learning_rate=0.01728949781875017
hidden_size=8
attention_head_size=4
dropout=0.18884816762039092
hidden_continuous_size=8
max_epochs=500
