gradient_clip_val=0.5019427130085893
learning_rate=0.0030899079501813956
hidden_size=10
attention_head_size=4
dropout=0.19455313862853119
hidden_continuous_size=10
max_epochs=500
