gradient_clip_val=0.13889602367564022
learning_rate=0.012979605146457724
hidden_size=15
attention_head_size=2
dropout=0.12502341271331072
hidden_continuous_size=14
max_epochs=500
