gradient_clip_val=0.02570169432817811
learning_rate=0.035401410987641435
hidden_size=57
attention_head_size=1
dropout=0.10207416063454458
hidden_continuous_size=13
max_epochs=500
