gradient_clip_val=0.062210469938226196
learning_rate=0.009201786077271594
hidden_size=39
attention_head_size=4
dropout=0.11235474568919719
hidden_continuous_size=20
max_epochs=500
