gradient_clip_val=0.036662612811802615
learning_rate=0.004678293057387482
hidden_size=21
attention_head_size=3
dropout=0.11094711460078624
hidden_continuous_size=17
max_epochs=500
