gradient_clip_val=0.06556022935750577
learning_rate=0.008978405953312223
hidden_size=17
attention_head_size=1
dropout=0.11198571810645389
hidden_continuous_size=8
max_epochs=500
