gradient_clip_val=0.0423120410066774
learning_rate=0.07975117578790371
hidden_size=26
attention_head_size=2
dropout=0.27848842793108475
hidden_continuous_size=10
max_epochs=500
