gradient_clip_val=0.2815629322761616
learning_rate=0.002517840911233487
hidden_size=8
attention_head_size=4
dropout=0.15951619687401628
hidden_continuous_size=8
max_epochs=500
