gradient_clip_val=0.010818548358684623
learning_rate=0.010959638020029198
hidden_size=93
attention_head_size=3
dropout=0.11089407135957784
hidden_continuous_size=28
max_epochs=500
