gradient_clip_val=0.4151983225881069
learning_rate=0.056731042128821504
hidden_size=53
attention_head_size=2
dropout=0.1676804929245884
hidden_continuous_size=41
max_epochs=500
