gradient_clip_val=0.7663215593215322
learning_rate=0.01959060491361965
hidden_size=50
attention_head_size=1
dropout=0.2240996768956151
hidden_continuous_size=13
max_epochs=500
