gradient_clip_val=0.0480013620547785
learning_rate=0.06488229042661424
hidden_size=30
attention_head_size=4
dropout=0.22474620783805574
hidden_continuous_size=9
max_epochs=500
