gradient_clip_val=0.3842530851052522
learning_rate=0.0967835124219451
hidden_size=55
attention_head_size=2
dropout=0.26348939294931495
hidden_continuous_size=16
max_epochs=500
