gradient_clip_val=0.06444013979402266
learning_rate=0.0020035663876052934
hidden_size=53
attention_head_size=3
dropout=0.18483416504488545
hidden_continuous_size=11
max_epochs=500
