gradient_clip_val=0.032478138206809434
learning_rate=0.004327567290543782
hidden_size=47
attention_head_size=4
dropout=0.1527238560934784
hidden_continuous_size=34
max_epochs=500
