gradient_clip_val=0.41672635710479977
learning_rate=0.006924897852750376
hidden_size=39
attention_head_size=2
dropout=0.1387628304868583
hidden_continuous_size=11
max_epochs=500
