gradient_clip_val=0.9796415084675321
learning_rate=0.021310388050467595
hidden_size=20
attention_head_size=4
dropout=0.1973599443253411
hidden_continuous_size=12
max_epochs=500
