gradient_clip_val=0.14013770066890005
learning_rate=0.0229338123411843
hidden_size=12
attention_head_size=1
dropout=0.23011911934405588
hidden_continuous_size=11
max_epochs=500
