gradient_clip_val=0.025798815706419415
learning_rate=0.002349521044170426
hidden_size=50
attention_head_size=2
dropout=0.21343747055411455
hidden_continuous_size=15
max_epochs=500
