gradient_clip_val=0.17106892918129904
learning_rate=0.02397285063747711
hidden_size=29
attention_head_size=4
dropout=0.26072049304987355
hidden_continuous_size=11
max_epochs=500
