gradient_clip_val=0.011250618427739096
learning_rate=0.0015104489844817927
hidden_size=97
attention_head_size=4
dropout=0.14278168553287665
hidden_continuous_size=9
max_epochs=500
