gradient_clip_val=0.21437185318821325
learning_rate=0.0990778642134865
hidden_size=124
attention_head_size=1
dropout=0.1757577818012867
hidden_continuous_size=41
max_epochs=500
