gradient_clip_val=0.4989883894013027
learning_rate=0.0025358423919047005
hidden_size=88
attention_head_size=1
dropout=0.14114305737690058
hidden_continuous_size=18
max_epochs=500
