gradient_clip_val=0.0547791641759464
learning_rate=0.005162243605202404
hidden_size=119
attention_head_size=1
dropout=0.20058101668299055
hidden_continuous_size=24
max_epochs=500
