gradient_clip_val=0.4549082453308015
learning_rate=0.023496892841816747
hidden_size=8
attention_head_size=3
dropout=0.27995225826053893
hidden_continuous_size=8
max_epochs=500
