gradient_clip_val=0.31893938146645096
learning_rate=0.0674530106382494
hidden_size=89
attention_head_size=3
dropout=0.1472986224625563
hidden_continuous_size=47
max_epochs=500
