gradient_clip_val=0.2300816608892401
learning_rate=0.012307612391159184
hidden_size=8
attention_head_size=1
dropout=0.11072909169288295
hidden_continuous_size=8
max_epochs=500
