gradient_clip_val=0.7028844061972513
learning_rate=0.0038052978692806
hidden_size=11
attention_head_size=2
dropout=0.21067927509076828
hidden_continuous_size=10
max_epochs=500
