gradient_clip_val=0.1767955810368064
learning_rate=0.007351319150031754
hidden_size=81
attention_head_size=4
dropout=0.12342523859679554
hidden_continuous_size=19
max_epochs=500
