gradient_clip_val=0.04595440826362481
learning_rate=0.06022138736384196
hidden_size=15
attention_head_size=2
dropout=0.23265721703842718
hidden_continuous_size=8
max_epochs=500
