gradient_clip_val=0.02895822180571568
learning_rate=0.08220583685495607
hidden_size=51
attention_head_size=3
dropout=0.14950592366701929
hidden_continuous_size=9
max_epochs=500
