gradient_clip_val=0.5253223284921191
learning_rate=0.001379376312885868
hidden_size=8
attention_head_size=1
dropout=0.12323958907307592
hidden_continuous_size=8
max_epochs=500
