gradient_clip_val=0.18503478494988704
learning_rate=0.06935671097125948
hidden_size=8
attention_head_size=1
dropout=0.2788601802197749
hidden_continuous_size=8
max_epochs=500
