gradient_clip_val=0.13479974665931097
learning_rate=0.049639640027517716
hidden_size=29
attention_head_size=2
dropout=0.231612088108467
hidden_continuous_size=13
max_epochs=500
