gradient_clip_val=0.19754890252071172
learning_rate=0.0023399513574820954
hidden_size=9
attention_head_size=2
dropout=0.28572431795645054
hidden_continuous_size=9
max_epochs=500
