gradient_clip_val=0.22649299869762118
learning_rate=0.0037470440734634343
hidden_size=64
attention_head_size=2
dropout=0.28260881581254405
hidden_continuous_size=14
max_epochs=500
