gradient_clip_val=0.06641761576905586
learning_rate=0.04560572822783453
hidden_size=54
attention_head_size=4
dropout=0.2573322282887715
hidden_continuous_size=41
max_epochs=500
