gradient_clip_val=0.0522270115163459
learning_rate=0.0022669747216473436
hidden_size=47
attention_head_size=2
dropout=0.18258843201903213
hidden_continuous_size=10
max_epochs=500
