gradient_clip_val=0.025327377519445363
learning_rate=0.019119816850955502
hidden_size=27
attention_head_size=1
dropout=0.10893911782183402
hidden_continuous_size=13
max_epochs=500
