gradient_clip_val=0.8165078285223318
learning_rate=0.012226323263378391
hidden_size=14
attention_head_size=3
dropout=0.22701349846533228
hidden_continuous_size=11
max_epochs=500
