gradient_clip_val=0.040903182719179886
learning_rate=0.002086522978007658
hidden_size=15
attention_head_size=4
dropout=0.2593735445206957
hidden_continuous_size=14
max_epochs=500
