gradient_clip_val=0.059478087756095095
learning_rate=0.008578243525721164
hidden_size=56
attention_head_size=1
dropout=0.2569418138075501
hidden_continuous_size=10
max_epochs=500
