gradient_clip_val=0.3170611317231699
learning_rate=0.008410281688071022
hidden_size=32
attention_head_size=3
dropout=0.25843751838803464
hidden_continuous_size=23
max_epochs=500
