gradient_clip_val=0.1551026800209733
learning_rate=0.021814182784316415
hidden_size=75
attention_head_size=1
dropout=0.21870981147869384
hidden_continuous_size=10
max_epochs=500
