gradient_clip_val=0.1795375543562722
learning_rate=0.08562282962337375
hidden_size=76
attention_head_size=1
dropout=0.1914011275355353
hidden_continuous_size=16
max_epochs=500
