gradient_clip_val=0.639974960285273
learning_rate=0.002195786835910134
hidden_size=16
attention_head_size=2
dropout=0.1466532294750016
hidden_continuous_size=8
max_epochs=500
