gradient_clip_val=0.08452169305878267
learning_rate=0.005481076139911634
hidden_size=23
attention_head_size=3
dropout=0.22590782580660188
hidden_continuous_size=10
max_epochs=500
