gradient_clip_val=0.30266434243644763
learning_rate=0.009082181753590515
hidden_size=10
attention_head_size=1
dropout=0.13894699843282282
hidden_continuous_size=9
max_epochs=500
