gradient_clip_val=0.0771221633865594
learning_rate=0.012327106728726011
hidden_size=89
attention_head_size=4
dropout=0.24891741966869899
hidden_continuous_size=10
max_epochs=500
