gradient_clip_val=0.08508220863582305
learning_rate=0.01984792026483505
hidden_size=35
attention_head_size=1
dropout=0.25703261124010257
hidden_continuous_size=12
max_epochs=500
