gradient_clip_val=0.9982198552459706
learning_rate=0.0011624690427566426
hidden_size=19
attention_head_size=3
dropout=0.25524462995687175
hidden_continuous_size=13
max_epochs=500
