gradient_clip_val=0.050840310975164796
learning_rate=0.007831924725352877
hidden_size=44
attention_head_size=4
dropout=0.2651224376182501
hidden_continuous_size=21
max_epochs=500
