gradient_clip_val=0.0610356499323434
learning_rate=0.020893442814872633
hidden_size=72
attention_head_size=4
dropout=0.1793448202123042
hidden_continuous_size=12
max_epochs=500
