gradient_clip_val=0.19465404288608892
learning_rate=0.0019243600596136222
hidden_size=10
attention_head_size=1
dropout=0.22973555281630414
hidden_continuous_size=10
max_epochs=500
