gradient_clip_val=0.021849603180564517
learning_rate=0.0016911016928397495
hidden_size=20
attention_head_size=1
dropout=0.19763459802509084
hidden_continuous_size=12
max_epochs=500
