gradient_clip_val=0.7573720550961514
learning_rate=0.008189981199249751
hidden_size=21
attention_head_size=3
dropout=0.20808109212820508
hidden_continuous_size=15
max_epochs=500
