gradient_clip_val=0.05961545266674772
learning_rate=0.014609403985287046
hidden_size=8
attention_head_size=3
dropout=0.12611261214068992
hidden_continuous_size=8
max_epochs=500
