gradient_clip_val=0.3656837308318498
learning_rate=0.0029730437395754927
hidden_size=24
attention_head_size=1
dropout=0.16687166660568992
hidden_continuous_size=18
max_epochs=500
