gradient_clip_val=0.2813528145048356
learning_rate=0.03526016014813768
hidden_size=46
attention_head_size=1
dropout=0.21305577803883602
hidden_continuous_size=12
max_epochs=500
