gradient_clip_val=0.28072333797448334
learning_rate=0.002220858780194868
hidden_size=11
attention_head_size=1
dropout=0.10012689461982734
hidden_continuous_size=10
max_epochs=500
