gradient_clip_val=0.922974960421295
learning_rate=0.007912557651640346
hidden_size=26
attention_head_size=2
dropout=0.2420093760395167
hidden_continuous_size=23
max_epochs=500
