gradient_clip_val=0.021889669395035335
learning_rate=0.05526683740667974
hidden_size=39
attention_head_size=1
dropout=0.10869179720517406
hidden_continuous_size=12
max_epochs=500
