gradient_clip_val=0.029672132295526517
learning_rate=0.0014965331429449978
hidden_size=40
attention_head_size=1
dropout=0.26900546204020015
hidden_continuous_size=21
max_epochs=500
