gradient_clip_val=0.38319076213197256
learning_rate=0.0010881667767565226
hidden_size=31
attention_head_size=4
dropout=0.15828274248987045
hidden_continuous_size=13
max_epochs=500
