gradient_clip_val=0.534824139457527
learning_rate=0.011124058113789975
hidden_size=90
attention_head_size=4
dropout=0.1390794438790872
hidden_continuous_size=8
max_epochs=500
