gradient_clip_val=0.0514959996834292
learning_rate=0.05621426055713047
hidden_size=59
attention_head_size=4
dropout=0.1566175530259999
hidden_continuous_size=10
max_epochs=500
