gradient_clip_val=0.06143457846253279
learning_rate=0.008642917811805716
hidden_size=36
attention_head_size=1
dropout=0.2133533174220419
hidden_continuous_size=10
max_epochs=500
