gradient_clip_val=0.010325229279117483
learning_rate=0.028121206120222536
hidden_size=80
attention_head_size=4
dropout=0.17624625923644904
hidden_continuous_size=25
max_epochs=500
