gradient_clip_val=0.04997372519905491
learning_rate=0.001181557364827667
hidden_size=85
attention_head_size=2
dropout=0.19567282679434733
hidden_continuous_size=23
max_epochs=500
