gradient_clip_val=0.08337835439257218
learning_rate=0.03245126394721575
hidden_size=17
attention_head_size=2
dropout=0.21995413551604848
hidden_continuous_size=8
max_epochs=500
