gradient_clip_val=0.1437883191264691
learning_rate=0.036933746706848694
hidden_size=70
attention_head_size=1
dropout=0.25591740986612976
hidden_continuous_size=42
max_epochs=500
