gradient_clip_val=0.02484519978868965
learning_rate=0.049202642154699425
hidden_size=11
attention_head_size=2
dropout=0.17921514312305897
hidden_continuous_size=11
max_epochs=500
