gradient_clip_val=0.03823962872016442
learning_rate=0.0024014259222652867
hidden_size=13
attention_head_size=2
dropout=0.13429640117632075
hidden_continuous_size=9
max_epochs=500
