gradient_clip_val=0.18636991341816037
learning_rate=0.01338549266580037
hidden_size=24
attention_head_size=3
dropout=0.19204203793457753
hidden_continuous_size=9
max_epochs=500
