gradient_clip_val=0.6277322779259811
learning_rate=0.02064392719734687
hidden_size=15
attention_head_size=3
dropout=0.10022333825952444
hidden_continuous_size=8
max_epochs=500
