gradient_clip_val=0.012271301952920616
learning_rate=0.005294126850784904
hidden_size=11
attention_head_size=4
dropout=0.2886104193851685
hidden_continuous_size=11
max_epochs=500
