gradient_clip_val=0.02069232841437511
learning_rate=0.002407772431668754
hidden_size=47
attention_head_size=4
dropout=0.1486122722696877
hidden_continuous_size=18
max_epochs=500
