gradient_clip_val=0.23077743600808562
learning_rate=0.018000465982981283
hidden_size=50
attention_head_size=3
dropout=0.12919249758581547
hidden_continuous_size=37
max_epochs=500
