gradient_clip_val=0.06779053612043569
learning_rate=0.027651946982867645
hidden_size=11
attention_head_size=4
dropout=0.16883355975704126
hidden_continuous_size=8
max_epochs=500
