gradient_clip_val=0.3151322309629763
learning_rate=0.04195819324935498
hidden_size=33
attention_head_size=3
dropout=0.16020525783044903
hidden_continuous_size=20
max_epochs=500
