gradient_clip_val=0.017868887713798985
learning_rate=0.006831974131330773
hidden_size=19
attention_head_size=2
dropout=0.1754723358954412
hidden_continuous_size=8
max_epochs=500
