gradient_clip_val=0.9233654956211401
learning_rate=0.035468986518799116
hidden_size=99
attention_head_size=3
dropout=0.10362048810087501
hidden_continuous_size=46
max_epochs=500
