gradient_clip_val=0.010018039378322246
learning_rate=0.008376371517290145
hidden_size=17
attention_head_size=4
dropout=0.23501437223986174
hidden_continuous_size=17
max_epochs=500
