gradient_clip_val=0.24218162314153305
learning_rate=0.014200904793874505
hidden_size=102
attention_head_size=2
dropout=0.24291166583278548
hidden_continuous_size=8
max_epochs=500
