gradient_clip_val=0.1700930872281881
learning_rate=0.0037423951233577202
hidden_size=15
attention_head_size=1
dropout=0.13909718633794405
hidden_continuous_size=15
max_epochs=500
