gradient_clip_val=0.5565101758265592
learning_rate=0.07766771024196402
hidden_size=25
attention_head_size=3
dropout=0.169186377954838
hidden_continuous_size=20
max_epochs=500
