gradient_clip_val=0.13938978200272806
learning_rate=0.06249919099125651
hidden_size=11
attention_head_size=2
dropout=0.16380001338179764
hidden_continuous_size=8
max_epochs=500
