gradient_clip_val=0.06278348612664189
learning_rate=0.008014522608100432
hidden_size=74
attention_head_size=4
dropout=0.17965287926208776
hidden_continuous_size=20
max_epochs=500
