gradient_clip_val=0.315423888202938
learning_rate=0.004030453615106032
hidden_size=17
attention_head_size=3
dropout=0.14803777195607076
hidden_continuous_size=12
max_epochs=500
