gradient_clip_val=0.07649053217617262
learning_rate=0.07376357424552878
hidden_size=25
attention_head_size=1
dropout=0.10728156713634816
hidden_continuous_size=20
max_epochs=500
