gradient_clip_val=0.1916617748626661
learning_rate=0.0030915840087358966
hidden_size=14
attention_head_size=3
dropout=0.2809012601053431
hidden_continuous_size=11
max_epochs=500
