gradient_clip_val=0.0179182217340335
learning_rate=0.0736632733328488
hidden_size=38
attention_head_size=1
dropout=0.29935598403776364
hidden_continuous_size=16
max_epochs=500
