gradient_clip_val=0.3354098368040479
learning_rate=0.014143169309559818
hidden_size=19
attention_head_size=4
dropout=0.16785665343956746
hidden_continuous_size=8
max_epochs=500
