gradient_clip_val=0.1499914713199435
learning_rate=0.03557882908068839
hidden_size=11
attention_head_size=1
dropout=0.24041089723779732
hidden_continuous_size=9
max_epochs=500
