gradient_clip_val=0.6070475434960292
learning_rate=0.025172560348843576
hidden_size=18
attention_head_size=1
dropout=0.23857543475097356
hidden_continuous_size=8
max_epochs=500
