gradient_clip_val=0.025564171359873777
learning_rate=0.014873611009642055
hidden_size=25
attention_head_size=1
dropout=0.27184396002079303
hidden_continuous_size=17
max_epochs=500
