gradient_clip_val=0.10074646839786953
learning_rate=0.007342145196994484
hidden_size=43
attention_head_size=4
dropout=0.25899436719440333
hidden_continuous_size=24
max_epochs=500
