gradient_clip_val=0.012985287539048516
learning_rate=0.027327625670759675
hidden_size=26
attention_head_size=3
dropout=0.16205759774106832
hidden_continuous_size=16
max_epochs=500
