gradient_clip_val=0.03284958204640717
learning_rate=0.0015664024243156054
hidden_size=14
attention_head_size=3
dropout=0.22941319624709805
hidden_continuous_size=9
max_epochs=500
