gradient_clip_val=0.3553708866826462
learning_rate=0.030331803116908224
hidden_size=11
attention_head_size=3
dropout=0.21009325018459524
hidden_continuous_size=9
max_epochs=500
