gradient_clip_val=0.21790556966005195
learning_rate=0.024545678607165472
hidden_size=117
attention_head_size=2
dropout=0.13445366108021226
hidden_continuous_size=33
max_epochs=500
