gradient_clip_val=0.01664251974950828
learning_rate=0.009680880658391391
hidden_size=57
attention_head_size=3
dropout=0.18765535291525975
hidden_continuous_size=17
max_epochs=500
