gradient_clip_val=0.026026817313376003
learning_rate=0.028556639150157645
hidden_size=59
attention_head_size=4
dropout=0.25665652042322373
hidden_continuous_size=10
max_epochs=500
