gradient_clip_val=0.15913202705826615
learning_rate=0.02800354795475224
hidden_size=9
attention_head_size=3
dropout=0.16481296103945514
hidden_continuous_size=9
max_epochs=500
