gradient_clip_val=0.17731349341072905
learning_rate=0.007673509549033216
hidden_size=10
attention_head_size=3
dropout=0.1393211582895228
hidden_continuous_size=9
max_epochs=500
