gradient_clip_val=0.48346023540191846
learning_rate=0.005562362545546604
hidden_size=114
attention_head_size=4
dropout=0.27439266988131533
hidden_continuous_size=19
max_epochs=500
