gradient_clip_val=0.8252808637118558
learning_rate=0.07189533593439437
hidden_size=14
attention_head_size=3
dropout=0.2593058890488089
hidden_continuous_size=10
max_epochs=500
