gradient_clip_val=0.011935397056906537
learning_rate=0.0020673533710334063
hidden_size=33
attention_head_size=3
dropout=0.21670660170680317
hidden_continuous_size=13
max_epochs=500
