gradient_clip_val=0.08283330114380151
learning_rate=0.07188147591313816
hidden_size=90
attention_head_size=2
dropout=0.2540629067744357
hidden_continuous_size=14
max_epochs=500
