gradient_clip_val=0.11360607060081733
learning_rate=0.023712691588313108
hidden_size=17
attention_head_size=1
dropout=0.11886272810308991
hidden_continuous_size=11
max_epochs=500
