gradient_clip_val=0.27184251471759724
learning_rate=0.05231618417176008
hidden_size=88
attention_head_size=2
dropout=0.19811719537001976
hidden_continuous_size=36
max_epochs=500
