gradient_clip_val=0.0216110676753025
learning_rate=0.08883430528877516
hidden_size=41
attention_head_size=4
dropout=0.17930049360994657
hidden_continuous_size=26
max_epochs=500
