gradient_clip_val=0.532563925500525
learning_rate=0.015317171999601746
hidden_size=59
attention_head_size=4
dropout=0.2945810564848213
hidden_continuous_size=42
max_epochs=500
