gradient_clip_val=0.2767215840162551
learning_rate=0.002032020340615183
hidden_size=23
attention_head_size=3
dropout=0.2644680266745439
hidden_continuous_size=15
max_epochs=500
