gradient_clip_val=0.10123732190082557
learning_rate=0.001095143317391379
hidden_size=13
attention_head_size=1
dropout=0.20867305647357548
hidden_continuous_size=13
max_epochs=500
