gradient_clip_val=0.013520260403037927
learning_rate=0.06576056501348956
hidden_size=22
attention_head_size=4
dropout=0.2775659198621341
hidden_continuous_size=22
max_epochs=500
