gradient_clip_val=0.2626411148137008
learning_rate=0.005637128703666164
hidden_size=37
attention_head_size=4
dropout=0.2399578179238131
hidden_continuous_size=8
max_epochs=500
