gradient_clip_val=0.2377231930850128
learning_rate=0.0015549323591687537
hidden_size=8
attention_head_size=4
dropout=0.18772214758387637
hidden_continuous_size=8
max_epochs=500
