gradient_clip_val=0.01055641640665352
learning_rate=0.0071398512641083324
hidden_size=128
attention_head_size=2
dropout=0.16818006509867595
hidden_continuous_size=28
max_epochs=500
