gradient_clip_val=0.05365255599064077
learning_rate=0.07381900519993922
hidden_size=82
attention_head_size=2
dropout=0.11296898293201825
hidden_continuous_size=8
max_epochs=500
