gradient_clip_val=0.3455970609101901
learning_rate=0.0034419797242571273
hidden_size=26
attention_head_size=2
dropout=0.1014752446879189
hidden_continuous_size=24
max_epochs=500
