gradient_clip_val=0.9372075513060142
learning_rate=0.03374400101347801
hidden_size=22
attention_head_size=4
dropout=0.15632012673158438
hidden_continuous_size=18
max_epochs=500
