gradient_clip_val=0.3439732319941418
learning_rate=0.004104552130038135
hidden_size=35
attention_head_size=4
dropout=0.12530694104682477
hidden_continuous_size=14
max_epochs=500
