gradient_clip_val=0.0584105881768631
learning_rate=0.08176831471781547
hidden_size=28
attention_head_size=2
dropout=0.20450920007418416
hidden_continuous_size=10
max_epochs=500
