gradient_clip_val=0.2711887752540054
learning_rate=0.0518023944165293
hidden_size=8
attention_head_size=3
dropout=0.1394651442786326
hidden_continuous_size=8
max_epochs=500
