gradient_clip_val=0.08313978739265596
learning_rate=0.07973386800781558
hidden_size=94
attention_head_size=1
dropout=0.11223802359606612
hidden_continuous_size=13
max_epochs=500
