gradient_clip_val=0.048115501327664824
learning_rate=0.003450623785658017
hidden_size=17
attention_head_size=4
dropout=0.1135316178368066
hidden_continuous_size=16
max_epochs=500
