gradient_clip_val=0.0275867995150941
learning_rate=0.018541408658811976
hidden_size=89
attention_head_size=1
dropout=0.13454328932151446
hidden_continuous_size=39
max_epochs=500
