gradient_clip_val=0.0110850746656086
learning_rate=0.026869766764037732
hidden_size=57
attention_head_size=4
dropout=0.13153654495152536
hidden_continuous_size=30
max_epochs=500
