gradient_clip_val=0.21848118203725672
learning_rate=0.019152503281952393
hidden_size=8
attention_head_size=2
dropout=0.14645119693718484
hidden_continuous_size=8
max_epochs=500
