gradient_clip_val=0.15091666246020655
learning_rate=0.004295347333031061
hidden_size=42
attention_head_size=3
dropout=0.22935283316210603
hidden_continuous_size=30
max_epochs=500
