gradient_clip_val=0.017714459339010512
learning_rate=0.0931174952944086
hidden_size=31
attention_head_size=1
dropout=0.23583737029735372
hidden_continuous_size=11
max_epochs=500
