gradient_clip_val=0.24582665672424356
learning_rate=0.023961314364910575
hidden_size=81
attention_head_size=1
dropout=0.28341177292585895
hidden_continuous_size=53
max_epochs=500
