gradient_clip_val=0.34057984695642635
learning_rate=0.014001072042810163
hidden_size=74
attention_head_size=2
dropout=0.29970510217109103
hidden_continuous_size=26
max_epochs=500
