gradient_clip_val=0.32085905808105714
learning_rate=0.07364749466896331
hidden_size=8
attention_head_size=4
dropout=0.237778418953033
hidden_continuous_size=8
max_epochs=500
