gradient_clip_val=0.5461449064405314
learning_rate=0.045173382316378616
hidden_size=12
attention_head_size=4
dropout=0.10979552683990045
hidden_continuous_size=12
max_epochs=500
