gradient_clip_val=0.03713622409597613
learning_rate=0.015082333402105986
hidden_size=25
attention_head_size=1
dropout=0.2405993780667433
hidden_continuous_size=11
max_epochs=500
