gradient_clip_val=0.24201947762748138
learning_rate=0.0018457521047993183
hidden_size=44
attention_head_size=1
dropout=0.1489366236104784
hidden_continuous_size=34
max_epochs=500
