gradient_clip_val=0.19398071565549274
learning_rate=0.0033713068826555404
hidden_size=87
attention_head_size=1
dropout=0.27291980103789326
hidden_continuous_size=45
max_epochs=500
