gradient_clip_val=0.8187803962051735
learning_rate=0.006446788433388583
hidden_size=86
attention_head_size=1
dropout=0.20503829986470212
hidden_continuous_size=11
max_epochs=500
