gradient_clip_val=0.09908591398266732
learning_rate=0.07082801584192068
hidden_size=122
attention_head_size=2
dropout=0.12036154430528184
hidden_continuous_size=29
max_epochs=500
