gradient_clip_val=0.022467896454716942
learning_rate=0.0011318724214125465
hidden_size=11
attention_head_size=1
dropout=0.2770866862225637
hidden_continuous_size=11
max_epochs=500
