gradient_clip_val=0.7393906123353965
learning_rate=0.0017107099226165395
hidden_size=10
attention_head_size=3
dropout=0.18300355010325353
hidden_continuous_size=10
max_epochs=500
