gradient_clip_val=0.5305698544280223
learning_rate=0.08084040246941926
hidden_size=57
attention_head_size=3
dropout=0.2119384004718103
hidden_continuous_size=33
max_epochs=500
