gradient_clip_val=0.03547958651528033
learning_rate=0.01995683178286133
hidden_size=54
attention_head_size=1
dropout=0.287215756511201
hidden_continuous_size=10
max_epochs=500
