gradient_clip_val=0.3653048351323868
learning_rate=0.004832530798351823
hidden_size=25
attention_head_size=3
dropout=0.1452930666081245
hidden_continuous_size=10
max_epochs=500
