gradient_clip_val=0.029417091842243323
learning_rate=0.07322914727338195
hidden_size=48
attention_head_size=1
dropout=0.18045088412585666
hidden_continuous_size=38
max_epochs=500
