gradient_clip_val=0.018291457304979067
learning_rate=0.010482494619112059
hidden_size=29
attention_head_size=1
dropout=0.12800040697674625
hidden_continuous_size=27
max_epochs=500
