gradient_clip_val=0.2835284943899136
learning_rate=0.06436165731054005
hidden_size=62
attention_head_size=3
dropout=0.29382421555391747
hidden_continuous_size=50
max_epochs=500
