gradient_clip_val=0.028174217797939476
learning_rate=0.00792614273718442
hidden_size=66
attention_head_size=2
dropout=0.1486768043238293
hidden_continuous_size=9
max_epochs=500
