gradient_clip_val=0.11555439744570417
learning_rate=0.024621735536193283
hidden_size=45
attention_head_size=3
dropout=0.116049873529646
hidden_continuous_size=45
max_epochs=500
