gradient_clip_val=0.27932413736303086
learning_rate=0.04416868098702456
hidden_size=19
attention_head_size=3
dropout=0.23041756203761127
hidden_continuous_size=11
max_epochs=500
