gradient_clip_val=0.012995645928004907
learning_rate=0.031840589845200246
hidden_size=76
attention_head_size=4
dropout=0.11324851574867952
hidden_continuous_size=58
max_epochs=500
