gradient_clip_val=0.03428144795919907
learning_rate=0.0012385763293102383
hidden_size=13
attention_head_size=3
dropout=0.10554075484574228
hidden_continuous_size=10
max_epochs=500
