gradient_clip_val=0.657937456547264
learning_rate=0.0024911968782869317
hidden_size=88
attention_head_size=2
dropout=0.21753182056083326
hidden_continuous_size=39
max_epochs=500
