gradient_clip_val=0.5464248720959626
learning_rate=0.0020173274697839654
hidden_size=26
attention_head_size=1
dropout=0.2489967067663831
hidden_continuous_size=15
max_epochs=500
