gradient_clip_val=0.1250874488099539
learning_rate=0.00928549578887421
hidden_size=17
attention_head_size=3
dropout=0.2263724965830043
hidden_continuous_size=13
max_epochs=500
