gradient_clip_val=0.013985486720377235
learning_rate=0.004484200347504974
hidden_size=16
attention_head_size=2
dropout=0.16306546377466397
hidden_continuous_size=10
max_epochs=500
