gradient_clip_val=0.14410630513865677
learning_rate=0.01960145498890877
hidden_size=55
attention_head_size=3
dropout=0.16868371771906154
hidden_continuous_size=10
max_epochs=500
