gradient_clip_val=0.3298899209157111
learning_rate=0.0017316476698621638
hidden_size=35
attention_head_size=2
dropout=0.18486019193726794
hidden_continuous_size=15
max_epochs=500
