gradient_clip_val=0.07173453225682323
learning_rate=0.014194872714582016
hidden_size=92
attention_head_size=3
dropout=0.2634029320069945
hidden_continuous_size=62
max_epochs=500
