gradient_clip_val=0.027924154644910385
learning_rate=0.017471188603922223
hidden_size=71
attention_head_size=4
dropout=0.12558080973353455
hidden_continuous_size=8
max_epochs=500
