gradient_clip_val=0.15629661349245802
learning_rate=0.003166886284690192
hidden_size=13
attention_head_size=2
dropout=0.21964392391237536
hidden_continuous_size=8
max_epochs=500
