gradient_clip_val=0.3031691220160597
learning_rate=0.004891075584619694
hidden_size=54
attention_head_size=2
dropout=0.2162001640724
hidden_continuous_size=26
max_epochs=500
