gradient_clip_val=0.348552940720436
learning_rate=0.009118546278334805
hidden_size=15
attention_head_size=1
dropout=0.1159451162275073
hidden_continuous_size=14
max_epochs=500
