gradient_clip_val=0.7295953284435216
learning_rate=0.018781549090266837
hidden_size=15
attention_head_size=3
dropout=0.26458798991998533
hidden_continuous_size=10
max_epochs=500
