gradient_clip_val=0.015065602103640526
learning_rate=0.002075613355862492
hidden_size=13
attention_head_size=1
dropout=0.22748379375155192
hidden_continuous_size=8
max_epochs=500
