gradient_clip_val=0.02611386116728172
learning_rate=0.009394558463426784
hidden_size=50
attention_head_size=2
dropout=0.12315443445874928
hidden_continuous_size=28
max_epochs=500
