gradient_clip_val=0.2840321561172405
learning_rate=0.001339164559587759
hidden_size=16
attention_head_size=4
dropout=0.12708521807436074
hidden_continuous_size=13
max_epochs=500
