gradient_clip_val=0.06804014756620906
learning_rate=0.0015672915066073728
hidden_size=128
attention_head_size=2
dropout=0.11942261569587086
hidden_continuous_size=23
max_epochs=500
