gradient_clip_val=0.028959001557516895
learning_rate=0.0044758315816576435
hidden_size=15
attention_head_size=3
dropout=0.22146432001980354
hidden_continuous_size=9
max_epochs=500
