gradient_clip_val=0.1426814771205688
learning_rate=0.026436007357742264
hidden_size=86
attention_head_size=2
dropout=0.22245318227934108
hidden_continuous_size=17
max_epochs=500
