gradient_clip_val=0.46203084929095073
learning_rate=0.011876005148536211
hidden_size=17
attention_head_size=3
dropout=0.1504396012867299
hidden_continuous_size=16
max_epochs=500
