gradient_clip_val=0.35803521335650845
learning_rate=0.002133468336928941
hidden_size=50
attention_head_size=1
dropout=0.21482046265594762
hidden_continuous_size=34
max_epochs=500
