gradient_clip_val=0.06663197124944836
learning_rate=0.025644488327536578
hidden_size=64
attention_head_size=3
dropout=0.17270010834063484
hidden_continuous_size=40
max_epochs=500
