gradient_clip_val=0.07350376650889538
learning_rate=0.0056544261138280014
hidden_size=46
attention_head_size=2
dropout=0.18222977666067433
hidden_continuous_size=11
max_epochs=500
