gradient_clip_val=0.028054328495398045
learning_rate=0.007046806275650419
hidden_size=49
attention_head_size=2
dropout=0.2638584612984941
hidden_continuous_size=25
max_epochs=500
