gradient_clip_val=0.014833132001241898
learning_rate=0.007198877639062665
hidden_size=26
attention_head_size=4
dropout=0.22114105982479648
hidden_continuous_size=14
max_epochs=500
