gradient_clip_val=0.18825698097954102
learning_rate=0.0020723758581703187
hidden_size=55
attention_head_size=3
dropout=0.28137424872558237
hidden_continuous_size=32
max_epochs=500
