gradient_clip_val=0.42732500780631943
learning_rate=0.023695140703418802
hidden_size=33
attention_head_size=1
dropout=0.277065549152882
hidden_continuous_size=11
max_epochs=500
