gradient_clip_val=0.42851530999426957
learning_rate=0.05380714303338848
hidden_size=51
attention_head_size=4
dropout=0.2379264088262452
hidden_continuous_size=10
max_epochs=500
