gradient_clip_val=0.3733256605134838
learning_rate=0.0011284937652128587
hidden_size=22
attention_head_size=2
dropout=0.14535571386720592
hidden_continuous_size=21
max_epochs=500
