gradient_clip_val=0.05463916150281588
learning_rate=0.005097715906596657
hidden_size=25
attention_head_size=3
dropout=0.2501075346945031
hidden_continuous_size=15
max_epochs=500
