gradient_clip_val=0.18148606203972492
learning_rate=0.03401445303034617
hidden_size=76
attention_head_size=3
dropout=0.20078559146664565
hidden_continuous_size=11
max_epochs=500
