gradient_clip_val=0.01851230041269011
learning_rate=0.0986464848945908
hidden_size=14
attention_head_size=3
dropout=0.27899665709783594
hidden_continuous_size=10
max_epochs=500
