gradient_clip_val=0.5406065096318091
learning_rate=0.002180264965656282
hidden_size=102
attention_head_size=4
dropout=0.23954035248397448
hidden_continuous_size=29
max_epochs=500
