gradient_clip_val=0.3392875826010123
learning_rate=0.0012319783463660468
hidden_size=46
attention_head_size=4
dropout=0.23914619529056844
hidden_continuous_size=13
max_epochs=500
