gradient_clip_val=0.3292767927274002
learning_rate=0.001589696149499067
hidden_size=71
attention_head_size=4
dropout=0.2550366577971269
hidden_continuous_size=23
max_epochs=500
