gradient_clip_val=0.01541317279832086
learning_rate=0.001270424405291939
hidden_size=107
attention_head_size=2
dropout=0.199107693012112
hidden_continuous_size=14
max_epochs=500
