gradient_clip_val=0.0182059278579373
learning_rate=0.0024935576842124198
hidden_size=29
attention_head_size=2
dropout=0.17597161952233278
hidden_continuous_size=12
max_epochs=500
