gradient_clip_val=0.6978818336353287
learning_rate=0.09678031037112762
hidden_size=30
attention_head_size=3
dropout=0.22228868014828568
hidden_continuous_size=20
max_epochs=500
