gradient_clip_val=0.8175360686941417
learning_rate=0.009037743878679234
hidden_size=24
attention_head_size=4
dropout=0.1225630771908518
hidden_continuous_size=12
max_epochs=500
