gradient_clip_val=0.9384257645188319
learning_rate=0.03788679657694823
hidden_size=19
attention_head_size=3
dropout=0.27920474603789325
hidden_continuous_size=12
max_epochs=500
