gradient_clip_val=0.7836471895155942
learning_rate=0.004300755793903634
hidden_size=53
attention_head_size=3
dropout=0.299134737268677
hidden_continuous_size=53
max_epochs=500
