gradient_clip_val=0.035256542922728874
learning_rate=0.0021773013572204403
hidden_size=22
attention_head_size=1
dropout=0.26309724252055694
hidden_continuous_size=12
max_epochs=500
