gradient_clip_val=0.046426791561900584
learning_rate=0.004580903610914881
hidden_size=18
attention_head_size=4
dropout=0.2561974596713339
hidden_continuous_size=11
max_epochs=500
