gradient_clip_val=0.5645927107669181
learning_rate=0.01331442568602981
hidden_size=46
attention_head_size=1
dropout=0.28307780788883563
hidden_continuous_size=25
max_epochs=500
