gradient_clip_val=0.05348702009367529
learning_rate=0.014635554720657867
hidden_size=12
attention_head_size=4
dropout=0.1920767464253485
hidden_continuous_size=10
max_epochs=500
