gradient_clip_val=0.19332698093557227
learning_rate=0.04580883248310362
hidden_size=25
attention_head_size=4
dropout=0.26171527159217767
hidden_continuous_size=22
max_epochs=500
