gradient_clip_val=0.6046016081663003
learning_rate=0.01521671898801727
hidden_size=40
attention_head_size=1
dropout=0.19300160399642052
hidden_continuous_size=37
max_epochs=500
