gradient_clip_val=0.7280256434504914
learning_rate=0.0034835462189043197
hidden_size=96
attention_head_size=2
dropout=0.29966989394961097
hidden_continuous_size=49
max_epochs=500
