gradient_clip_val=0.9181296139022225
learning_rate=0.0034538173919784203
hidden_size=10
attention_head_size=3
dropout=0.11736345168051027
hidden_continuous_size=10
max_epochs=500
