gradient_clip_val=0.4831267227080716
learning_rate=0.0020413423181094422
hidden_size=92
attention_head_size=2
dropout=0.11423565711376005
hidden_continuous_size=14
max_epochs=500
