gradient_clip_val=0.04711968454579334
learning_rate=0.0032506009241759686
hidden_size=17
attention_head_size=2
dropout=0.1445550004772417
hidden_continuous_size=15
max_epochs=500
