gradient_clip_val=0.38735060596916215
learning_rate=0.0011533614683052946
hidden_size=42
attention_head_size=4
dropout=0.10390657157087278
hidden_continuous_size=11
max_epochs=500
