gradient_clip_val=0.12655410781069729
learning_rate=0.0053690504039381635
hidden_size=8
attention_head_size=2
dropout=0.2529786155885238
hidden_continuous_size=8
max_epochs=500
