gradient_clip_val=0.4647842360389849
learning_rate=0.08168851496860549
hidden_size=51
attention_head_size=1
dropout=0.26522817077741123
hidden_continuous_size=8
max_epochs=500
