gradient_clip_val=0.11807160561155544
learning_rate=0.002744118351531462
hidden_size=13
attention_head_size=1
dropout=0.13864525214903262
hidden_continuous_size=12
max_epochs=500
