gradient_clip_val=0.010860354374467815
learning_rate=0.02111433912079157
hidden_size=9
attention_head_size=2
dropout=0.14439141405580438
hidden_continuous_size=8
max_epochs=500
