gradient_clip_val=0.28076398872462655
learning_rate=0.04302806798142936
hidden_size=42
attention_head_size=2
dropout=0.2926545916972797
hidden_continuous_size=15
max_epochs=500
