gradient_clip_val=0.030494819050827127
learning_rate=0.0061220912151230015
hidden_size=125
attention_head_size=2
dropout=0.1632577410620642
hidden_continuous_size=31
max_epochs=500
