gradient_clip_val=0.3010829047515474
learning_rate=0.09140912682521234
hidden_size=8
attention_head_size=4
dropout=0.26646440498497437
hidden_continuous_size=8
max_epochs=500
