gradient_clip_val=0.02895899378185063
learning_rate=0.009207072734116566
hidden_size=35
attention_head_size=2
dropout=0.24675844424313645
hidden_continuous_size=8
max_epochs=500
