gradient_clip_val=0.0989500920911639
learning_rate=0.011616560481900387
hidden_size=24
attention_head_size=3
dropout=0.22733496223812358
hidden_continuous_size=8
max_epochs=500
