gradient_clip_val=0.316023787011439
learning_rate=0.003942670164605056
hidden_size=48
attention_head_size=3
dropout=0.13696993829344697
hidden_continuous_size=17
max_epochs=500
