gradient_clip_val=0.13882528924257875
learning_rate=0.021755490902654474
hidden_size=10
attention_head_size=4
dropout=0.16363404255291522
hidden_continuous_size=9
max_epochs=500
