gradient_clip_val=0.5415203013169666
learning_rate=0.04276497040704104
hidden_size=23
attention_head_size=1
dropout=0.2813416492771913
hidden_continuous_size=17
max_epochs=500
