gradient_clip_val=0.13945634770534968
learning_rate=0.006081837314198785
hidden_size=53
attention_head_size=4
dropout=0.1478489917579908
hidden_continuous_size=32
max_epochs=500
