gradient_clip_val=0.3119677970282691
learning_rate=0.005089283636277443
hidden_size=72
attention_head_size=2
dropout=0.234939335338007
hidden_continuous_size=15
max_epochs=500
