gradient_clip_val=0.04358051587145116
learning_rate=0.015014888807876596
hidden_size=73
attention_head_size=1
dropout=0.1174378790562687
hidden_continuous_size=48
max_epochs=500
