gradient_clip_val=0.017416363462769507
learning_rate=0.09211277924206765
hidden_size=97
attention_head_size=1
dropout=0.13560846482213768
hidden_continuous_size=8
max_epochs=500
