gradient_clip_val=0.051392023235174014
learning_rate=0.040369704891800105
hidden_size=18
attention_head_size=2
dropout=0.2512540727741166
hidden_continuous_size=14
max_epochs=500
