gradient_clip_val=0.06353636353244571
learning_rate=0.007657780164525389
hidden_size=58
attention_head_size=4
dropout=0.23302582347741232
hidden_continuous_size=27
max_epochs=500
