gradient_clip_val=0.054202982780395564
learning_rate=0.0028031404448857883
hidden_size=68
attention_head_size=2
dropout=0.1424374677962557
hidden_continuous_size=11
max_epochs=500
