gradient_clip_val=0.02367924506747648
learning_rate=0.0028495857529414323
hidden_size=10
attention_head_size=1
dropout=0.16748551534934264
hidden_continuous_size=10
max_epochs=500
