gradient_clip_val=0.1674001767602088
learning_rate=0.026155586614880277
hidden_size=23
attention_head_size=1
dropout=0.1954379078694954
hidden_continuous_size=14
max_epochs=500
