gradient_clip_val=0.14126218709503022
learning_rate=0.0066381200162419635
hidden_size=42
attention_head_size=1
dropout=0.26526133796744417
hidden_continuous_size=38
max_epochs=500
