gradient_clip_val=0.5839196019163484
learning_rate=0.001247762191168959
hidden_size=37
attention_head_size=4
dropout=0.1396620725123894
hidden_continuous_size=36
max_epochs=500
