gradient_clip_val=0.021068580541631913
learning_rate=0.030480094551133083
hidden_size=63
attention_head_size=3
dropout=0.2839288998429922
hidden_continuous_size=9
max_epochs=500
