gradient_clip_val=0.01911198094119256
learning_rate=0.0026761839063947626
hidden_size=104
attention_head_size=4
dropout=0.1788433658407961
hidden_continuous_size=12
max_epochs=500
