gradient_clip_val=0.02782180889321928
learning_rate=0.0010181294765025293
hidden_size=20
attention_head_size=3
dropout=0.25330749303238426
hidden_continuous_size=8
max_epochs=500
