gradient_clip_val=0.013021036827905268
learning_rate=0.011068321353320986
hidden_size=16
attention_head_size=3
dropout=0.28534471205889056
hidden_continuous_size=8
max_epochs=500
