gradient_clip_val=0.028159225929083227
learning_rate=0.02749759367088225
hidden_size=12
attention_head_size=4
dropout=0.17840782993621146
hidden_continuous_size=11
max_epochs=500
