gradient_clip_val=0.012231097223779512
learning_rate=0.004404485154873455
hidden_size=21
attention_head_size=2
dropout=0.1555708349407564
hidden_continuous_size=10
max_epochs=500
