gradient_clip_val=0.127310802583996
learning_rate=0.028271678967177687
hidden_size=10
attention_head_size=3
dropout=0.20836472623608637
hidden_continuous_size=9
max_epochs=500
