gradient_clip_val=0.015154655926707951
learning_rate=0.003203321806420541
hidden_size=9
attention_head_size=3
dropout=0.292794485041439
hidden_continuous_size=8
max_epochs=500
