gradient_clip_val=0.013711103749556322
learning_rate=0.023872830755425296
hidden_size=105
attention_head_size=2
dropout=0.24281210690427227
hidden_continuous_size=9
max_epochs=500
