gradient_clip_val=0.11646139423836606
learning_rate=0.08831658112770979
hidden_size=32
attention_head_size=4
dropout=0.24669694651844087
hidden_continuous_size=21
max_epochs=500
