gradient_clip_val=0.3163210951852653
learning_rate=0.0640847932853837
hidden_size=20
attention_head_size=4
dropout=0.1222900737157139
hidden_continuous_size=12
max_epochs=500
