gradient_clip_val=0.02084573282228685
learning_rate=0.0015983676842936537
hidden_size=33
attention_head_size=3
dropout=0.2729418888087919
hidden_continuous_size=21
max_epochs=500
