gradient_clip_val=0.23678772650839766
learning_rate=0.0011122119172236322
hidden_size=14
attention_head_size=2
dropout=0.13825320766187663
hidden_continuous_size=13
max_epochs=500
