gradient_clip_val=0.4298707492358946
learning_rate=0.0031115222050361294
hidden_size=98
attention_head_size=4
dropout=0.2708470794162646
hidden_continuous_size=43
max_epochs=500
