gradient_clip_val=0.16103427301503256
learning_rate=0.001438938783635818
hidden_size=125
attention_head_size=3
dropout=0.22332936747676113
hidden_continuous_size=43
max_epochs=500
