gradient_clip_val=0.01975020696093834
learning_rate=0.01062983006585102
hidden_size=106
attention_head_size=3
dropout=0.10711713467457551
hidden_continuous_size=91
max_epochs=500
