gradient_clip_val=0.5376313403388507
learning_rate=0.013539648375909303
hidden_size=8
attention_head_size=1
dropout=0.1665590210720162
hidden_continuous_size=8
max_epochs=500
