gradient_clip_val=0.35698303078031124
learning_rate=0.030542047183486912
hidden_size=10
attention_head_size=2
dropout=0.1818647864455809
hidden_continuous_size=9
max_epochs=500
