gradient_clip_val=0.8004573741746489
learning_rate=0.035663929735032115
hidden_size=41
attention_head_size=4
dropout=0.2898329709894079
hidden_continuous_size=23
max_epochs=500
