gradient_clip_val=0.01203644192098334
learning_rate=0.014724713061114222
hidden_size=44
attention_head_size=4
dropout=0.21336266154734962
hidden_continuous_size=9
max_epochs=500
