gradient_clip_val=0.053851600069371654
learning_rate=0.002530771020524463
hidden_size=9
attention_head_size=4
dropout=0.2670112527563643
hidden_continuous_size=9
max_epochs=500
