gradient_clip_val=0.823591413965657
learning_rate=0.019032196121454455
hidden_size=17
attention_head_size=3
dropout=0.1733229625919835
hidden_continuous_size=11
max_epochs=500
