gradient_clip_val=0.10401041210284502
learning_rate=0.032902898021466065
hidden_size=34
attention_head_size=2
dropout=0.12982186933808887
hidden_continuous_size=9
max_epochs=500
