gradient_clip_val=0.08727387390900343
learning_rate=0.008840462566939116
hidden_size=18
attention_head_size=1
dropout=0.18412881607226392
hidden_continuous_size=14
max_epochs=500
