gradient_clip_val=0.629367653160489
learning_rate=0.002844380538033897
hidden_size=21
attention_head_size=1
dropout=0.16878750340817575
hidden_continuous_size=9
max_epochs=500
