gradient_clip_val=0.9003223962042404
learning_rate=0.013225467168188777
hidden_size=28
attention_head_size=1
dropout=0.20632298719323977
hidden_continuous_size=25
max_epochs=500
