gradient_clip_val=0.057175177929484323
learning_rate=0.04608840490852181
hidden_size=46
attention_head_size=1
dropout=0.2572002416881135
hidden_continuous_size=30
max_epochs=500
