gradient_clip_val=0.0469829865329374
learning_rate=0.003708813104454551
hidden_size=62
attention_head_size=1
dropout=0.19554385491505077
hidden_continuous_size=57
max_epochs=500
