gradient_clip_val=0.756486695887521
learning_rate=0.06632644421897654
hidden_size=18
attention_head_size=4
dropout=0.20450178018515508
hidden_continuous_size=10
max_epochs=500
