gradient_clip_val=0.7762244260096154
learning_rate=0.014802204375535645
hidden_size=93
attention_head_size=4
dropout=0.2544863377551356
hidden_continuous_size=56
max_epochs=500
