gradient_clip_val=0.209933286160393
learning_rate=0.009770865613558798
hidden_size=18
attention_head_size=1
dropout=0.25639646450874776
hidden_continuous_size=9
max_epochs=500
