gradient_clip_val=0.027507137950549952
learning_rate=0.09569723647501768
hidden_size=8
attention_head_size=1
dropout=0.11752977205993771
hidden_continuous_size=8
max_epochs=500
