gradient_clip_val=0.031014160235652493
learning_rate=0.008803681158992757
hidden_size=11
attention_head_size=4
dropout=0.1746671888335043
hidden_continuous_size=10
max_epochs=500
