gradient_clip_val=0.0906862270718693
learning_rate=0.020480615963379804
hidden_size=11
attention_head_size=1
dropout=0.16370488379175507
hidden_continuous_size=8
max_epochs=500
