gradient_clip_val=0.023584459058288054
learning_rate=0.008280013183717138
hidden_size=85
attention_head_size=4
dropout=0.14566375952453597
hidden_continuous_size=9
max_epochs=500
