gradient_clip_val=0.09429728047178151
learning_rate=0.09065789919804469
hidden_size=21
attention_head_size=1
dropout=0.257101231138115
hidden_continuous_size=19
max_epochs=500
