gradient_clip_val=0.02529143730777785
learning_rate=0.016727264999532032
hidden_size=41
attention_head_size=3
dropout=0.17273165344137748
hidden_continuous_size=30
max_epochs=500
