gradient_clip_val=0.05421158692650491
learning_rate=0.0075850654338296955
hidden_size=24
attention_head_size=2
dropout=0.26006731517176884
hidden_continuous_size=24
max_epochs=500
