gradient_clip_val=0.016536341561792185
learning_rate=0.004939734854800132
hidden_size=23
attention_head_size=1
dropout=0.26785003808316143
hidden_continuous_size=18
max_epochs=500
