gradient_clip_val=0.2938303327407455
learning_rate=0.09018938855280542
hidden_size=8
attention_head_size=4
dropout=0.1018370595680591
hidden_continuous_size=8
max_epochs=500
