gradient_clip_val=0.24890723770716627
learning_rate=0.07961006426836788
hidden_size=42
attention_head_size=3
dropout=0.15671206111416322
hidden_continuous_size=39
max_epochs=500
