gradient_clip_val=0.17659490992159835
learning_rate=0.0012115578286695516
hidden_size=14
attention_head_size=4
dropout=0.14973361856532696
hidden_continuous_size=10
max_epochs=500
