gradient_clip_val=0.9579480072103025
learning_rate=0.011367240578161695
hidden_size=45
attention_head_size=4
dropout=0.2995480195433711
hidden_continuous_size=18
max_epochs=500
