gradient_clip_val=0.33580799067640765
learning_rate=0.007724529448475737
hidden_size=41
attention_head_size=3
dropout=0.2942156661595422
hidden_continuous_size=9
max_epochs=500
