gradient_clip_val=0.24673043191393962
learning_rate=0.09503515842553742
hidden_size=17
attention_head_size=2
dropout=0.20490721548002616
hidden_continuous_size=13
max_epochs=500
