gradient_clip_val=0.05583708217382994
learning_rate=0.07935001657705609
hidden_size=30
attention_head_size=1
dropout=0.11401825024691128
hidden_continuous_size=17
max_epochs=500
