gradient_clip_val=0.016166986794692192
learning_rate=0.018828359335927695
hidden_size=16
attention_head_size=1
dropout=0.13364166322226495
hidden_continuous_size=11
max_epochs=500
