gradient_clip_val=0.3538855726260244
learning_rate=0.0011288832307305486
hidden_size=64
attention_head_size=4
dropout=0.21098146127846712
hidden_continuous_size=35
max_epochs=500
