gradient_clip_val=0.4787405457234916
learning_rate=0.0014550720503054401
hidden_size=9
attention_head_size=2
dropout=0.12348501299637651
hidden_continuous_size=8
max_epochs=500
