gradient_clip_val=0.31740427097059687
learning_rate=0.001207329536310254
hidden_size=14
attention_head_size=2
dropout=0.1598316703100514
hidden_continuous_size=12
max_epochs=500
