gradient_clip_val=0.2995219674513737
learning_rate=0.004863913837273881
hidden_size=43
attention_head_size=4
dropout=0.26458103114648257
hidden_continuous_size=16
max_epochs=500
