gradient_clip_val=0.3411342651551204
learning_rate=0.03671684870960176
hidden_size=14
attention_head_size=4
dropout=0.22894791540108408
hidden_continuous_size=11
max_epochs=500
