gradient_clip_val=0.6918777022811303
learning_rate=0.004972014649483245
hidden_size=71
attention_head_size=3
dropout=0.2999629612702214
hidden_continuous_size=24
max_epochs=500
