gradient_clip_val=0.3806107611567634
learning_rate=0.012963897986527948
hidden_size=26
attention_head_size=1
dropout=0.16878360384054733
hidden_continuous_size=14
max_epochs=500
