gradient_clip_val=0.01684658643819697
learning_rate=0.001772113448429992
hidden_size=13
attention_head_size=4
dropout=0.24965632893400408
hidden_continuous_size=8
max_epochs=500
