gradient_clip_val=0.01824585033568518
learning_rate=0.01956697796950982
hidden_size=45
attention_head_size=1
dropout=0.22509090060159923
hidden_continuous_size=23
max_epochs=500
