gradient_clip_val=0.7160980323978614
learning_rate=0.013785970077864642
hidden_size=10
attention_head_size=4
dropout=0.11543173907114818
hidden_continuous_size=9
max_epochs=500
