gradient_clip_val=0.017090216362939375
learning_rate=0.005812749904501016
hidden_size=13
attention_head_size=2
dropout=0.2395494880352869
hidden_continuous_size=9
max_epochs=500
