gradient_clip_val=0.013765082701453794
learning_rate=0.008386388786296002
hidden_size=9
attention_head_size=3
dropout=0.1624770830288943
hidden_continuous_size=9
max_epochs=500
