gradient_clip_val=0.7588803147644857
learning_rate=0.058524296240219535
hidden_size=39
attention_head_size=3
dropout=0.21923321968895776
hidden_continuous_size=25
max_epochs=500
