gradient_clip_val=0.25951347112244033
learning_rate=0.0013889316877201722
hidden_size=13
attention_head_size=4
dropout=0.15729863482371836
hidden_continuous_size=9
max_epochs=500
