gradient_clip_val=0.6893440723975062
learning_rate=0.005116245659869211
hidden_size=100
attention_head_size=3
dropout=0.20981227056702806
hidden_continuous_size=15
max_epochs=500
