gradient_clip_val=0.3638691107853699
learning_rate=0.0023447279576566996
hidden_size=15
attention_head_size=3
dropout=0.2969536147683961
hidden_continuous_size=8
max_epochs=500
