gradient_clip_val=0.28061112011373446
learning_rate=0.005591969873837573
hidden_size=43
attention_head_size=1
dropout=0.25020135086814854
hidden_continuous_size=9
max_epochs=500
