gradient_clip_val=0.1082456216437374
learning_rate=0.03219755478686618
hidden_size=11
attention_head_size=2
dropout=0.11318492079641335
hidden_continuous_size=8
max_epochs=500
