gradient_clip_val=0.026453700506780184
learning_rate=0.008143407061093379
hidden_size=80
attention_head_size=2
dropout=0.2204829149067957
hidden_continuous_size=23
max_epochs=500
