gradient_clip_val=0.016270507254063687
learning_rate=0.0014666421763636804
hidden_size=17
attention_head_size=3
dropout=0.18771660320170508
hidden_continuous_size=9
max_epochs=500
