gradient_clip_val=0.5668756450559171
learning_rate=0.08744620781035614
hidden_size=75
attention_head_size=1
dropout=0.16685173789271882
hidden_continuous_size=9
max_epochs=500
