gradient_clip_val=0.31339282974652716
learning_rate=0.061001100225208334
hidden_size=29
attention_head_size=4
dropout=0.17352211581036042
hidden_continuous_size=29
max_epochs=500
