gradient_clip_val=0.5167758847222261
learning_rate=0.08077702662549503
hidden_size=18
attention_head_size=4
dropout=0.11820270773670616
hidden_continuous_size=8
max_epochs=500
