gradient_clip_val=0.016609083653884704
learning_rate=0.005772643331141383
hidden_size=81
attention_head_size=2
dropout=0.17051595265251565
hidden_continuous_size=17
max_epochs=500
