gradient_clip_val=0.446481727161402
learning_rate=0.001046656430773055
hidden_size=90
attention_head_size=1
dropout=0.20407823277183074
hidden_continuous_size=50
max_epochs=500
