gradient_clip_val=0.7212447371261551
learning_rate=0.0055415911508277385
hidden_size=113
attention_head_size=1
dropout=0.17336460376993507
hidden_continuous_size=28
max_epochs=500
