gradient_clip_val=0.06099005460321087
learning_rate=0.07787996500223875
hidden_size=85
attention_head_size=1
dropout=0.21211070380873304
hidden_continuous_size=31
max_epochs=500
