gradient_clip_val=0.025951681189205683
learning_rate=0.005385152937483287
hidden_size=25
attention_head_size=1
dropout=0.19022573443856267
hidden_continuous_size=14
max_epochs=500
