gradient_clip_val=0.03807382801919154
learning_rate=0.0029358305842321296
hidden_size=12
attention_head_size=1
dropout=0.1665130633235784
hidden_continuous_size=10
max_epochs=500
