gradient_clip_val=0.07372135251965839
learning_rate=0.04784467810162413
hidden_size=10
attention_head_size=4
dropout=0.2716194945529765
hidden_continuous_size=10
max_epochs=500
