gradient_clip_val=0.3154993362975587
learning_rate=0.0017992927047037425
hidden_size=30
attention_head_size=3
dropout=0.17990802832529942
hidden_continuous_size=16
max_epochs=500
