gradient_clip_val=0.024310801177228347
learning_rate=0.06887821827284987
hidden_size=43
attention_head_size=2
dropout=0.12633534429127333
hidden_continuous_size=8
max_epochs=500
