gradient_clip_val=0.01324472557882722
learning_rate=0.03825179307611927
hidden_size=9
attention_head_size=4
dropout=0.24876436104918448
hidden_continuous_size=9
max_epochs=500
