gradient_clip_val=0.2058665910723708
learning_rate=0.005390727159322579
hidden_size=48
attention_head_size=3
dropout=0.15202681636808937
hidden_continuous_size=13
max_epochs=500
