gradient_clip_val=0.3679330373612395
learning_rate=0.0013557052143117357
hidden_size=12
attention_head_size=2
dropout=0.20100380024311157
hidden_continuous_size=10
max_epochs=500
