gradient_clip_val=0.011326535558557584
learning_rate=0.07509104929641475
hidden_size=10
attention_head_size=2
dropout=0.12056691378689531
hidden_continuous_size=9
max_epochs=500
