gradient_clip_val=0.02977003007716726
learning_rate=0.05140793648796587
hidden_size=30
attention_head_size=2
dropout=0.17468191238823702
hidden_continuous_size=20
max_epochs=500
