gradient_clip_val=0.088888502958953
learning_rate=0.012846150792345797
hidden_size=86
attention_head_size=1
dropout=0.29599420704141266
hidden_continuous_size=8
max_epochs=500
