gradient_clip_val=0.047946338311017266
learning_rate=0.07048379543324566
hidden_size=12
attention_head_size=3
dropout=0.21197163883934017
hidden_continuous_size=11
max_epochs=500
