gradient_clip_val=0.0486514377787065
learning_rate=0.006469792714911126
hidden_size=40
attention_head_size=1
dropout=0.2605803687553683
hidden_continuous_size=25
max_epochs=500
