gradient_clip_val=0.012800260261930334
learning_rate=0.013039908307675761
hidden_size=12
attention_head_size=2
dropout=0.10296745697206558
hidden_continuous_size=9
max_epochs=500
