gradient_clip_val=0.01233605596026483
learning_rate=0.002137332059281985
hidden_size=29
attention_head_size=3
dropout=0.23949837497737675
hidden_continuous_size=9
max_epochs=500
