gradient_clip_val=0.04048252744817035
learning_rate=0.00611970042147187
hidden_size=26
attention_head_size=1
dropout=0.25513176558808304
hidden_continuous_size=13
max_epochs=500
