gradient_clip_val=0.3395508669026659
learning_rate=0.01717828887808813
hidden_size=14
attention_head_size=3
dropout=0.1436881441264131
hidden_continuous_size=8
max_epochs=500
