gradient_clip_val=0.019410679416767686
learning_rate=0.002624090287987778
hidden_size=64
attention_head_size=1
dropout=0.20972122062317053
hidden_continuous_size=19
max_epochs=500
