gradient_clip_val=0.09554726586253609
learning_rate=0.011143369693402409
hidden_size=37
attention_head_size=4
dropout=0.1823861970350593
hidden_continuous_size=25
max_epochs=500
