gradient_clip_val=0.06373224874371675
learning_rate=0.04843646380893562
hidden_size=31
attention_head_size=3
dropout=0.19568690504711148
hidden_continuous_size=18
max_epochs=500
