gradient_clip_val=0.010856392016714882
learning_rate=0.09189008302762182
hidden_size=49
attention_head_size=3
dropout=0.17084643424156026
hidden_continuous_size=27
max_epochs=500
