gradient_clip_val=0.07689141190918615
learning_rate=0.06926087701499546
hidden_size=27
attention_head_size=2
dropout=0.11503140231133664
hidden_continuous_size=24
max_epochs=500
