gradient_clip_val=0.03631975990070395
learning_rate=0.0738088538086092
hidden_size=47
attention_head_size=2
dropout=0.1492632620961783
hidden_continuous_size=45
max_epochs=500
