gradient_clip_val=0.07289093548751126
learning_rate=0.07286179131911673
hidden_size=31
attention_head_size=2
dropout=0.22402276249875305
hidden_continuous_size=18
max_epochs=500
