gradient_clip_val=0.05706328761037604
learning_rate=0.0036348855162008495
hidden_size=19
attention_head_size=2
dropout=0.24758792966781576
hidden_continuous_size=10
max_epochs=500
