gradient_clip_val=0.2862469293464956
learning_rate=0.09193474820836402
hidden_size=9
attention_head_size=1
dropout=0.10298985224411111
hidden_continuous_size=8
max_epochs=500
