gradient_clip_val=0.03215106736009517
learning_rate=0.020555780800891436
hidden_size=15
attention_head_size=3
dropout=0.1745989981613706
hidden_continuous_size=10
max_epochs=500
