gradient_clip_val=0.8008740079275459
learning_rate=0.015772823893165075
hidden_size=40
attention_head_size=1
dropout=0.11595393225056515
hidden_continuous_size=20
max_epochs=500
