gradient_clip_val=0.01823723386702059
learning_rate=0.016632013227927737
hidden_size=45
attention_head_size=1
dropout=0.24270445984221614
hidden_continuous_size=14
max_epochs=500
