gradient_clip_val=0.06100910628285159
learning_rate=0.006705910299708515
hidden_size=65
attention_head_size=2
dropout=0.1499270061200185
hidden_continuous_size=19
max_epochs=500
