gradient_clip_val=0.03454652499447791
learning_rate=0.032262476975484976
hidden_size=78
attention_head_size=3
dropout=0.2451764493554989
hidden_continuous_size=25
max_epochs=500
