gradient_clip_val=0.2575563621493032
learning_rate=0.0015744367399349334
hidden_size=82
attention_head_size=4
dropout=0.10433395526710743
hidden_continuous_size=26
max_epochs=500
