gradient_clip_val=0.14165310888740346
learning_rate=0.015123846565459191
hidden_size=32
attention_head_size=2
dropout=0.2027769697524347
hidden_continuous_size=8
max_epochs=500
