gradient_clip_val=0.25937068561787857
learning_rate=0.03116792126385207
hidden_size=36
attention_head_size=3
dropout=0.1847857166179918
hidden_continuous_size=10
max_epochs=500
