gradient_clip_val=0.03288064486389916
learning_rate=0.02587479687743455
hidden_size=9
attention_head_size=4
dropout=0.2923671835295787
hidden_continuous_size=8
max_epochs=500
