gradient_clip_val=0.9420046892026194
learning_rate=0.011446722326565462
hidden_size=17
attention_head_size=1
dropout=0.2098824933392151
hidden_continuous_size=11
max_epochs=500
