gradient_clip_val=0.41078041716396674
learning_rate=0.0046401606851330405
hidden_size=18
attention_head_size=4
dropout=0.14016086352790919
hidden_continuous_size=16
max_epochs=500
