gradient_clip_val=0.01644615797676449
learning_rate=0.009932379231893215
hidden_size=21
attention_head_size=2
dropout=0.10327545845703426
hidden_continuous_size=10
max_epochs=500
