gradient_clip_val=0.38365034460017355
learning_rate=0.0019226418083167537
hidden_size=76
attention_head_size=4
dropout=0.29448852164888906
hidden_continuous_size=30
max_epochs=500
