gradient_clip_val=0.474545418923441
learning_rate=0.0018897454217446606
hidden_size=88
attention_head_size=3
dropout=0.26475342239689537
hidden_continuous_size=10
max_epochs=500
