gradient_clip_val=0.5105246159536491
learning_rate=0.01120588824035356
hidden_size=38
attention_head_size=3
dropout=0.10097805673784627
hidden_continuous_size=20
max_epochs=500
