gradient_clip_val=0.02180201554944762
learning_rate=0.017449143477397802
hidden_size=30
attention_head_size=2
dropout=0.23017862593526867
hidden_continuous_size=14
max_epochs=500
