gradient_clip_val=0.036170004973035345
learning_rate=0.036520933522390255
hidden_size=10
attention_head_size=4
dropout=0.13797551589898022
hidden_continuous_size=9
max_epochs=500
