gradient_clip_val=0.7664359359151791
learning_rate=0.0010481397337361639
hidden_size=17
attention_head_size=2
dropout=0.19749846658366205
hidden_continuous_size=13
max_epochs=500
