gradient_clip_val=0.5671579138396581
learning_rate=0.0281466630519235
hidden_size=8
attention_head_size=3
dropout=0.2150702207766325
hidden_continuous_size=8
max_epochs=500
