gradient_clip_val=0.3611836708912435
learning_rate=0.0019400308164096768
hidden_size=10
attention_head_size=1
dropout=0.28719872344526165
hidden_continuous_size=10
max_epochs=500
