gradient_clip_val=0.01827824590779451
learning_rate=0.0010531577739540353
hidden_size=16
attention_head_size=4
dropout=0.13577090517884652
hidden_continuous_size=13
max_epochs=500
