gradient_clip_val=0.0171301304765473
learning_rate=0.0010174839883330597
hidden_size=20
attention_head_size=2
dropout=0.23470122390572087
hidden_continuous_size=17
max_epochs=500
