gradient_clip_val=0.3896280699988071
learning_rate=0.0432005609197016
hidden_size=29
attention_head_size=1
dropout=0.12486826368337184
hidden_continuous_size=15
max_epochs=500
