gradient_clip_val=0.2255453354852692
learning_rate=0.03455846142904484
hidden_size=15
attention_head_size=2
dropout=0.15838420885310348
hidden_continuous_size=10
max_epochs=500
