gradient_clip_val=0.013313238675487556
learning_rate=0.08904571694039687
hidden_size=60
attention_head_size=4
dropout=0.18587544129336508
hidden_continuous_size=14
max_epochs=500
