gradient_clip_val=0.012992994834337482
learning_rate=0.00497170913660045
hidden_size=37
attention_head_size=2
dropout=0.12717433227989677
hidden_continuous_size=15
max_epochs=500
