gradient_clip_val=0.3038792303251757
learning_rate=0.0018251792719325163
hidden_size=119
attention_head_size=1
dropout=0.2792304810702201
hidden_continuous_size=52
max_epochs=500
