gradient_clip_val=0.3702518151540961
learning_rate=0.07394400768551711
hidden_size=38
attention_head_size=3
dropout=0.23102625807242588
hidden_continuous_size=11
max_epochs=500
