gradient_clip_val=0.03576762863046283
learning_rate=0.050279153860190884
hidden_size=119
attention_head_size=2
dropout=0.2861709488665989
hidden_continuous_size=22
max_epochs=500
