gradient_clip_val=0.2774976067216445
learning_rate=0.015628955494894778
hidden_size=30
attention_head_size=2
dropout=0.20027047138963636
hidden_continuous_size=12
max_epochs=500
