gradient_clip_val=0.3362119247076348
learning_rate=0.0012853131434166177
hidden_size=62
attention_head_size=1
dropout=0.2678506444938442
hidden_continuous_size=24
max_epochs=500
