gradient_clip_val=0.19637153567051555
learning_rate=0.07889057565474368
hidden_size=69
attention_head_size=4
dropout=0.2950564636744403
hidden_continuous_size=22
max_epochs=500
