gradient_clip_val=0.35718137458263577
learning_rate=0.004601859936539641
hidden_size=114
attention_head_size=4
dropout=0.18530782947428515
hidden_continuous_size=101
max_epochs=500
