gradient_clip_val=0.09983321766561663
learning_rate=0.002114233355894043
hidden_size=16
attention_head_size=2
dropout=0.24972418786976125
hidden_continuous_size=11
max_epochs=500
