gradient_clip_val=0.48544899603404573
learning_rate=0.0010009248320323083
hidden_size=96
attention_head_size=3
dropout=0.13618338512437383
hidden_continuous_size=40
max_epochs=500
