gradient_clip_val=0.04778887373673812
learning_rate=0.09228807116712293
hidden_size=22
attention_head_size=4
dropout=0.13755191128904679
hidden_continuous_size=18
max_epochs=500
