gradient_clip_val=0.06527060195830192
learning_rate=0.008043767680651409
hidden_size=8
attention_head_size=2
dropout=0.1602864963793425
hidden_continuous_size=8
max_epochs=500
