gradient_clip_val=0.034572214922076044
learning_rate=0.05933571511552567
hidden_size=93
attention_head_size=3
dropout=0.27111971325259987
hidden_continuous_size=46
max_epochs=500
