gradient_clip_val=0.024550128151527982
learning_rate=0.00773232406393152
hidden_size=51
attention_head_size=3
dropout=0.19268601674913016
hidden_continuous_size=22
max_epochs=500
