gradient_clip_val=0.23549863640114324
learning_rate=0.012765765101114232
hidden_size=24
attention_head_size=3
dropout=0.28854936363312844
hidden_continuous_size=23
max_epochs=500
