gradient_clip_val=0.0808062251390314
learning_rate=0.04773431403196382
hidden_size=14
attention_head_size=1
dropout=0.2370160692505323
hidden_continuous_size=9
max_epochs=500
