gradient_clip_val=0.09541853714256138
learning_rate=0.010710680285181042
hidden_size=22
attention_head_size=3
dropout=0.14317275320021555
hidden_continuous_size=8
max_epochs=500
