gradient_clip_val=0.5478869370232904
learning_rate=0.007168359583701977
hidden_size=75
attention_head_size=2
dropout=0.1700124500207729
hidden_continuous_size=20
max_epochs=500
