gradient_clip_val=0.2929501228128741
learning_rate=0.08327344008001622
hidden_size=59
attention_head_size=4
dropout=0.14291480460056394
hidden_continuous_size=31
max_epochs=500
