gradient_clip_val=0.20776092253110537
learning_rate=0.008081435488780632
hidden_size=49
attention_head_size=2
dropout=0.14855323078932153
hidden_continuous_size=17
max_epochs=500
