gradient_clip_val=0.21474307422693023
learning_rate=0.004082037932610931
hidden_size=21
attention_head_size=3
dropout=0.19054895178532183
hidden_continuous_size=18
max_epochs=500
