gradient_clip_val=0.10931053146960447
learning_rate=0.09724917215863241
hidden_size=51
attention_head_size=3
dropout=0.15760301399208126
hidden_continuous_size=9
max_epochs=500
