gradient_clip_val=0.012592290346540063
learning_rate=0.0031133299430204982
hidden_size=12
attention_head_size=2
dropout=0.10132698437067536
hidden_continuous_size=10
max_epochs=500
