gradient_clip_val=0.011826349366594801
learning_rate=0.029019524911508603
hidden_size=122
attention_head_size=3
dropout=0.21150715068164747
hidden_continuous_size=43
max_epochs=500
