gradient_clip_val=0.014358203524573943
learning_rate=0.0022814870900835305
hidden_size=16
attention_head_size=4
dropout=0.11710683654692605
hidden_continuous_size=8
max_epochs=500
