gradient_clip_val=0.8142170906332472
learning_rate=0.045036496678836795
hidden_size=46
attention_head_size=2
dropout=0.17935688530826666
hidden_continuous_size=18
max_epochs=500
