gradient_clip_val=0.21788889268663125
learning_rate=0.0014188655160650991
hidden_size=20
attention_head_size=4
dropout=0.11080502331514237
hidden_continuous_size=12
max_epochs=500
