gradient_clip_val=0.2428463570502609
learning_rate=0.0127390467161112
hidden_size=74
attention_head_size=3
dropout=0.24069553394691695
hidden_continuous_size=11
max_epochs=500
