gradient_clip_val=0.19152436158180494
learning_rate=0.05099220840169218
hidden_size=8
attention_head_size=2
dropout=0.26853210647912845
hidden_continuous_size=8
max_epochs=500
