gradient_clip_val=0.19729631154871322
learning_rate=0.0038638536457926576
hidden_size=24
attention_head_size=2
dropout=0.10098505554035031
hidden_continuous_size=21
max_epochs=500
