gradient_clip_val=0.5022999597049309
learning_rate=0.007887840584234408
hidden_size=34
attention_head_size=1
dropout=0.24348325239997848
hidden_continuous_size=12
max_epochs=500
