gradient_clip_val=0.06262307712520379
learning_rate=0.0014385367397860194
hidden_size=13
attention_head_size=2
dropout=0.2070798871798633
hidden_continuous_size=12
max_epochs=500
