gradient_clip_val=0.02197803138419378
learning_rate=0.0011186730040072467
hidden_size=35
attention_head_size=4
dropout=0.20187607184251022
hidden_continuous_size=9
max_epochs=500
