gradient_clip_val=0.7274275381022232
learning_rate=0.03522345958208276
hidden_size=10
attention_head_size=1
dropout=0.2918526053825176
hidden_continuous_size=8
max_epochs=500
