gradient_clip_val=0.02583838094284113
learning_rate=0.06984122860387446
hidden_size=15
attention_head_size=3
dropout=0.236663274657865
hidden_continuous_size=14
max_epochs=500
