gradient_clip_val=0.04468225876050268
learning_rate=0.005276294710163314
hidden_size=42
attention_head_size=2
dropout=0.1537825367070734
hidden_continuous_size=15
max_epochs=500
