gradient_clip_val=0.07219933880038065
learning_rate=0.0042843532218794
hidden_size=9
attention_head_size=4
dropout=0.24053250821273664
hidden_continuous_size=8
max_epochs=500
