gradient_clip_val=0.012097018489041442
learning_rate=0.01969632705626634
hidden_size=119
attention_head_size=4
dropout=0.21463911452913614
hidden_continuous_size=8
max_epochs=500
