gradient_clip_val=0.11682140167085045
learning_rate=0.026288503758778146
hidden_size=111
attention_head_size=1
dropout=0.2893346912205619
hidden_continuous_size=103
max_epochs=500
