gradient_clip_val=0.010029457242639319
learning_rate=0.004862000047416934
hidden_size=23
attention_head_size=2
dropout=0.17528816417953164
hidden_continuous_size=18
max_epochs=500
