gradient_clip_val=0.04163910466064874
learning_rate=0.05537179681489604
hidden_size=56
attention_head_size=4
dropout=0.21421705178381817
hidden_continuous_size=31
max_epochs=500
