gradient_clip_val=0.08721974637249866
learning_rate=0.0042289923424672585
hidden_size=41
attention_head_size=4
dropout=0.17934420726308475
hidden_continuous_size=19
max_epochs=500
