gradient_clip_val=0.015480350979486012
learning_rate=0.006287148691502247
hidden_size=39
attention_head_size=3
dropout=0.2487629216420735
hidden_continuous_size=15
max_epochs=500
