gradient_clip_val=0.49556793049692854
learning_rate=0.011601124136131171
hidden_size=25
attention_head_size=1
dropout=0.2886185977141956
hidden_continuous_size=23
max_epochs=500
