gradient_clip_val=0.08374340482295717
learning_rate=0.030380485067816577
hidden_size=60
attention_head_size=3
dropout=0.16407001858852105
hidden_continuous_size=11
max_epochs=500
