gradient_clip_val=0.03507245624848394
learning_rate=0.0014141855729352978
hidden_size=25
attention_head_size=4
dropout=0.1675134841178873
hidden_continuous_size=15
max_epochs=500
