gradient_clip_val=0.07741242719315514
learning_rate=0.056775165064136726
hidden_size=10
attention_head_size=2
dropout=0.15365362934080742
hidden_continuous_size=8
max_epochs=500
