gradient_clip_val=0.0792512073481182
learning_rate=0.0014260277723880674
hidden_size=23
attention_head_size=1
dropout=0.22052958936305905
hidden_continuous_size=12
max_epochs=500
