gradient_clip_val=0.1914687525695609
learning_rate=0.05698793134173013
hidden_size=15
attention_head_size=2
dropout=0.1937257963840004
hidden_continuous_size=8
max_epochs=500
