gradient_clip_val=0.02911904348786212
learning_rate=0.0010944034227406648
hidden_size=74
attention_head_size=3
dropout=0.2830561815986512
hidden_continuous_size=9
max_epochs=500
