gradient_clip_val=0.042036561934735886
learning_rate=0.0017041911102239752
hidden_size=107
attention_head_size=2
dropout=0.17380737609487987
hidden_continuous_size=36
max_epochs=500
