gradient_clip_val=0.06705192692538957
learning_rate=0.011368283581521914
hidden_size=16
attention_head_size=4
dropout=0.29581054855286143
hidden_continuous_size=10
max_epochs=500
