gradient_clip_val=0.20374462927956197
learning_rate=0.004951596820446798
hidden_size=17
attention_head_size=2
dropout=0.10940644762433559
hidden_continuous_size=9
max_epochs=500
