gradient_clip_val=0.2043145712655387
learning_rate=0.015594639189468283
hidden_size=8
attention_head_size=3
dropout=0.1309897483039344
hidden_continuous_size=8
max_epochs=500
