gradient_clip_val=0.16650512779941648
learning_rate=0.03259969820677821
hidden_size=10
attention_head_size=4
dropout=0.25923138538631474
hidden_continuous_size=8
max_epochs=500
