gradient_clip_val=0.020421688689095687
learning_rate=0.008488312003868686
hidden_size=64
attention_head_size=2
dropout=0.12610685170777922
hidden_continuous_size=20
max_epochs=500
