gradient_clip_val=0.9031725202860134
learning_rate=0.006012888284494258
hidden_size=29
attention_head_size=3
dropout=0.24299530348483755
hidden_continuous_size=19
max_epochs=500
