gradient_clip_val=0.05138237913572089
learning_rate=0.019372592269984577
hidden_size=13
attention_head_size=3
dropout=0.191692224101774
hidden_continuous_size=13
max_epochs=500
