gradient_clip_val=0.35575234938061945
learning_rate=0.0031786025679449406
hidden_size=22
attention_head_size=4
dropout=0.1917488178223133
hidden_continuous_size=18
max_epochs=500
