gradient_clip_val=0.562924130690985
learning_rate=0.03674463335215686
hidden_size=54
attention_head_size=1
dropout=0.2907582587361973
hidden_continuous_size=10
max_epochs=500
