gradient_clip_val=0.017805018164040794
learning_rate=0.0107923514247027
hidden_size=14
attention_head_size=2
dropout=0.20229394881024348
hidden_continuous_size=10
max_epochs=500
