gradient_clip_val=0.06128742463593006
learning_rate=0.02768857556508333
hidden_size=13
attention_head_size=1
dropout=0.1322023762405332
hidden_continuous_size=12
max_epochs=500
