gradient_clip_val=0.5810934590722874
learning_rate=0.0077591590404869045
hidden_size=23
attention_head_size=4
dropout=0.2610329906796537
hidden_continuous_size=10
max_epochs=500
