gradient_clip_val=0.8088290892807695
learning_rate=0.027751158733179026
hidden_size=15
attention_head_size=1
dropout=0.17816745644860688
hidden_continuous_size=12
max_epochs=500
