gradient_clip_val=0.11809538604319858
learning_rate=0.019552485348868102
hidden_size=24
attention_head_size=4
dropout=0.10155855625458438
hidden_continuous_size=24
max_epochs=500
