gradient_clip_val=0.011420470618832458
learning_rate=0.003527518894597501
hidden_size=94
attention_head_size=4
dropout=0.1861909394067158
hidden_continuous_size=41
max_epochs=500
