gradient_clip_val=0.09656358980511986
learning_rate=0.0018823529321937403
hidden_size=17
attention_head_size=3
dropout=0.11363034884932621
hidden_continuous_size=10
max_epochs=500
