gradient_clip_val=0.020684045032201937
learning_rate=0.05294575081571081
hidden_size=11
attention_head_size=2
dropout=0.16057700847545017
hidden_continuous_size=10
max_epochs=500
