gradient_clip_val=0.019727232400533257
learning_rate=0.0013412875556359667
hidden_size=49
attention_head_size=2
dropout=0.2660503512309706
hidden_continuous_size=49
max_epochs=500
