gradient_clip_val=0.7946291199150731
learning_rate=0.008534149748434387
hidden_size=13
attention_head_size=4
dropout=0.13943112815494124
hidden_continuous_size=8
max_epochs=500
