gradient_clip_val=0.7532300948625003
learning_rate=0.0015211569297090672
hidden_size=26
attention_head_size=2
dropout=0.2102748910271079
hidden_continuous_size=12
max_epochs=500
