gradient_clip_val=0.7989108743286343
learning_rate=0.0034919248752054823
hidden_size=8
attention_head_size=4
dropout=0.1929757218975023
hidden_continuous_size=8
max_epochs=500
