gradient_clip_val=0.7835420363753625
learning_rate=0.01376929503232801
hidden_size=15
attention_head_size=4
dropout=0.21026598998041618
hidden_continuous_size=14
max_epochs=500
