gradient_clip_val=0.08299540684849535
learning_rate=0.021440438307621833
hidden_size=124
attention_head_size=1
dropout=0.26632448930400293
hidden_continuous_size=39
max_epochs=500
