gradient_clip_val=0.3268046555332817
learning_rate=0.001309693035286338
hidden_size=93
attention_head_size=1
dropout=0.2900515703803262
hidden_continuous_size=63
max_epochs=500
