gradient_clip_val=0.01023941993106806
learning_rate=0.0017001427503716667
hidden_size=31
attention_head_size=2
dropout=0.2232134952887374
hidden_continuous_size=12
max_epochs=500
