gradient_clip_val=0.06018750387436014
learning_rate=0.002052266158314295
hidden_size=35
attention_head_size=1
dropout=0.25441654562972527
hidden_continuous_size=12
max_epochs=500
