gradient_clip_val=0.13937743174612044
learning_rate=0.0019078510864274571
hidden_size=63
attention_head_size=2
dropout=0.23462794910993348
hidden_continuous_size=38
max_epochs=500
