gradient_clip_val=0.04876271143323024
learning_rate=0.007790322733830003
hidden_size=14
attention_head_size=4
dropout=0.11382335665706818
hidden_continuous_size=9
max_epochs=500
