gradient_clip_val=0.06008902674999841
learning_rate=0.0015742553136317843
hidden_size=67
attention_head_size=1
dropout=0.1539793966552837
hidden_continuous_size=9
max_epochs=500
