gradient_clip_val=0.01699625537149889
learning_rate=0.011116736767231588
hidden_size=42
attention_head_size=1
dropout=0.19129913449282065
hidden_continuous_size=20
max_epochs=500
