gradient_clip_val=0.5797265413587099
learning_rate=0.0014482993926539969
hidden_size=33
attention_head_size=3
dropout=0.2739820150915486
hidden_continuous_size=17
max_epochs=500
