gradient_clip_val=0.02811500087062039
learning_rate=0.06562445813500371
hidden_size=31
attention_head_size=2
dropout=0.1756917127979122
hidden_continuous_size=16
max_epochs=500
