gradient_clip_val=0.05516345330843308
learning_rate=0.0014424083985029458
hidden_size=31
attention_head_size=4
dropout=0.13530241787561628
hidden_continuous_size=13
max_epochs=500
