gradient_clip_val=0.1089619844283341
learning_rate=0.0033907565732428533
hidden_size=27
attention_head_size=1
dropout=0.19664340492952403
hidden_continuous_size=12
max_epochs=500
