gradient_clip_val=0.018954120798339864
learning_rate=0.03135018891581994
hidden_size=30
attention_head_size=4
dropout=0.19895334853130953
hidden_continuous_size=22
max_epochs=500
