gradient_clip_val=0.8522417415643451
learning_rate=0.056988785931585725
hidden_size=20
attention_head_size=3
dropout=0.18009237978594989
hidden_continuous_size=8
max_epochs=500
