gradient_clip_val=0.03157305269224492
learning_rate=0.012535980872528427
hidden_size=84
attention_head_size=2
dropout=0.10568975384169262
hidden_continuous_size=8
max_epochs=500
