gradient_clip_val=0.041609725134453324
learning_rate=0.01675841170982521
hidden_size=24
attention_head_size=4
dropout=0.1340533591191559
hidden_continuous_size=16
max_epochs=500
