gradient_clip_val=0.28781641380366996
learning_rate=0.09925298115490659
hidden_size=19
attention_head_size=4
dropout=0.22795693515393137
hidden_continuous_size=16
max_epochs=500
