gradient_clip_val=0.03850686059001923
learning_rate=0.002741891548649707
hidden_size=8
attention_head_size=4
dropout=0.1432298805640018
hidden_continuous_size=8
max_epochs=500
