gradient_clip_val=0.6993385260417881
learning_rate=0.04983265633282326
hidden_size=11
attention_head_size=1
dropout=0.192816488689829
hidden_continuous_size=8
max_epochs=500
