gradient_clip_val=0.11207687007127468
learning_rate=0.004173603954482719
hidden_size=26
attention_head_size=3
dropout=0.20356721932168917
hidden_continuous_size=11
max_epochs=500
