gradient_clip_val=0.4205592646489005
learning_rate=0.02157370436217053
hidden_size=29
attention_head_size=1
dropout=0.1816286270835334
hidden_continuous_size=19
max_epochs=500
