gradient_clip_val=0.572227554454333
learning_rate=0.0023572082447320428
hidden_size=108
attention_head_size=1
dropout=0.23032955019397808
hidden_continuous_size=80
max_epochs=500
