gradient_clip_val=0.023871424771687237
learning_rate=0.03966928865063553
hidden_size=44
attention_head_size=1
dropout=0.26660515199869517
hidden_continuous_size=27
max_epochs=500
