gradient_clip_val=0.09350344797650802
learning_rate=0.020024252952134836
hidden_size=29
attention_head_size=4
dropout=0.17852789046033243
hidden_continuous_size=18
max_epochs=500
