gradient_clip_val=0.23972307060158757
learning_rate=0.0015856380546550905
hidden_size=28
attention_head_size=4
dropout=0.22081177502181398
hidden_continuous_size=21
max_epochs=500
