gradient_clip_val=0.1854022366894514
learning_rate=0.08448665342508695
hidden_size=122
attention_head_size=2
dropout=0.27235498902552535
hidden_continuous_size=10
max_epochs=500
