gradient_clip_val=0.012984644916559455
learning_rate=0.0034536761138392086
hidden_size=13
attention_head_size=2
dropout=0.21422988927480252
hidden_continuous_size=9
max_epochs=500
