gradient_clip_val=0.12769231343097498
learning_rate=0.05347658610943281
hidden_size=36
attention_head_size=1
dropout=0.21661633703855415
hidden_continuous_size=12
max_epochs=500
