gradient_clip_val=0.49860173935542856
learning_rate=0.03961702383853351
hidden_size=12
attention_head_size=4
dropout=0.27242172639289264
hidden_continuous_size=8
max_epochs=500
