gradient_clip_val=0.02678826999090804
learning_rate=0.04486632633323593
hidden_size=34
attention_head_size=4
dropout=0.1597841926637295
hidden_continuous_size=15
max_epochs=500
