gradient_clip_val=0.10504931659980496
learning_rate=0.07426551077432382
hidden_size=12
attention_head_size=1
dropout=0.1375903028882094
hidden_continuous_size=8
max_epochs=500
