gradient_clip_val=0.05814211406538045
learning_rate=0.010021595028947486
hidden_size=8
attention_head_size=1
dropout=0.20127324637879135
hidden_continuous_size=8
max_epochs=500
