gradient_clip_val=0.011169624532754012
learning_rate=0.0037361385714672003
hidden_size=37
attention_head_size=2
dropout=0.2191003730949711
hidden_continuous_size=29
max_epochs=500
