gradient_clip_val=0.06396460735623537
learning_rate=0.0549140121404014
hidden_size=44
attention_head_size=2
dropout=0.1469139803999886
hidden_continuous_size=8
max_epochs=500
