gradient_clip_val=0.23848782093738005
learning_rate=0.002086362657851032
hidden_size=9
attention_head_size=3
dropout=0.11763486829690782
hidden_continuous_size=8
max_epochs=500
