gradient_clip_val=0.01412405704388446
learning_rate=0.0010738305604777014
hidden_size=57
attention_head_size=2
dropout=0.17031006786811964
hidden_continuous_size=15
max_epochs=500
