gradient_clip_val=0.28705763713919863
learning_rate=0.031509355239652544
hidden_size=79
attention_head_size=2
dropout=0.28390338092260736
hidden_continuous_size=51
max_epochs=500
