gradient_clip_val=0.022038761092068912
learning_rate=0.01959445176265014
hidden_size=48
attention_head_size=2
dropout=0.22519317978534964
hidden_continuous_size=14
max_epochs=500
