gradient_clip_val=0.06079493934740382
learning_rate=0.021016541284434396
hidden_size=22
attention_head_size=1
dropout=0.14057946282924935
hidden_continuous_size=15
max_epochs=500
