gradient_clip_val=0.1851207574431114
learning_rate=0.0059127403261719875
hidden_size=55
attention_head_size=1
dropout=0.27864838613807924
hidden_continuous_size=42
max_epochs=500
