gradient_clip_val=0.0428215510374982
learning_rate=0.0055189280375670755
hidden_size=9
attention_head_size=4
dropout=0.17707165162482053
hidden_continuous_size=8
max_epochs=500
