gradient_clip_val=0.5942813165343488
learning_rate=0.0012203541636668775
hidden_size=11
attention_head_size=1
dropout=0.1609391270128488
hidden_continuous_size=11
max_epochs=500
