gradient_clip_val=0.46428604309556637
learning_rate=0.02426355415000855
hidden_size=8
attention_head_size=2
dropout=0.24475880033707495
hidden_continuous_size=8
max_epochs=500
