gradient_clip_val=0.03308762626300315
learning_rate=0.0026048228170850105
hidden_size=11
attention_head_size=3
dropout=0.2998564964172372
hidden_continuous_size=9
max_epochs=500
