gradient_clip_val=0.12106166193627022
learning_rate=0.002993517434750319
hidden_size=14
attention_head_size=3
dropout=0.20046511694420407
hidden_continuous_size=11
max_epochs=500
