gradient_clip_val=0.6194474948705
learning_rate=0.0021141215100244862
hidden_size=59
attention_head_size=4
dropout=0.21881386644085465
hidden_continuous_size=10
max_epochs=500
