gradient_clip_val=0.022641346974974195
learning_rate=0.01351114730347442
hidden_size=9
attention_head_size=3
dropout=0.21408491738519853
hidden_continuous_size=8
max_epochs=500
