gradient_clip_val=0.14652346088348242
learning_rate=0.03774333255407158
hidden_size=72
attention_head_size=4
dropout=0.2500291369236104
hidden_continuous_size=37
max_epochs=500
