gradient_clip_val=0.010978281615847116
learning_rate=0.04388642320115027
hidden_size=12
attention_head_size=4
dropout=0.1989366595412237
hidden_continuous_size=8
max_epochs=500
