gradient_clip_val=0.21671627889415848
learning_rate=0.0063990712139166935
hidden_size=12
attention_head_size=1
dropout=0.20239656955941007
hidden_continuous_size=11
max_epochs=500
