gradient_clip_val=0.024825848475382613
learning_rate=0.0012570226133827563
hidden_size=8
attention_head_size=4
dropout=0.24258227901900056
hidden_continuous_size=8
max_epochs=500
