gradient_clip_val=0.1391522293218297
learning_rate=0.0015814655295317826
hidden_size=68
attention_head_size=4
dropout=0.22629924876764865
hidden_continuous_size=32
max_epochs=500
