gradient_clip_val=0.07920343972161253
learning_rate=0.04612766907784489
hidden_size=16
attention_head_size=1
dropout=0.16209983078025386
hidden_continuous_size=11
max_epochs=500
