gradient_clip_val=0.04589547078078046
learning_rate=0.02460964374002642
hidden_size=34
attention_head_size=1
dropout=0.2694993423686064
hidden_continuous_size=20
max_epochs=500
