gradient_clip_val=0.33049604381180847
learning_rate=0.037301211769616094
hidden_size=80
attention_head_size=3
dropout=0.14804614171787522
hidden_continuous_size=48
max_epochs=500
