gradient_clip_val=0.010944369279802947
learning_rate=0.01711045615256395
hidden_size=53
attention_head_size=1
dropout=0.13267026138922042
hidden_continuous_size=25
max_epochs=500
