gradient_clip_val=0.18559514654854214
learning_rate=0.001592186299748973
hidden_size=13
attention_head_size=1
dropout=0.23097900382139971
hidden_continuous_size=8
max_epochs=500
