gradient_clip_val=0.12106092678989366
learning_rate=0.0623926529797967
hidden_size=45
attention_head_size=2
dropout=0.12307452562773667
hidden_continuous_size=31
max_epochs=500
