gradient_clip_val=0.0624811102215526
learning_rate=0.01964604621720878
hidden_size=11
attention_head_size=3
dropout=0.28631711273268434
hidden_continuous_size=10
max_epochs=500
