gradient_clip_val=0.9725564308711477
learning_rate=0.016041053505450785
hidden_size=15
attention_head_size=2
dropout=0.13981051022831034
hidden_continuous_size=8
max_epochs=500
