gradient_clip_val=0.182479163742018
learning_rate=0.0674623760793628
hidden_size=29
attention_head_size=1
dropout=0.16750825782720472
hidden_continuous_size=22
max_epochs=500
