gradient_clip_val=0.021195516268375517
learning_rate=0.06698515920055757
hidden_size=9
attention_head_size=3
dropout=0.2472271292895998
hidden_continuous_size=9
max_epochs=500
