gradient_clip_val=0.12385356625448996
learning_rate=0.0011043479038050984
hidden_size=113
attention_head_size=2
dropout=0.22001230946203337
hidden_continuous_size=18
max_epochs=500
