gradient_clip_val=0.23525889706867903
learning_rate=0.002432784982339057
hidden_size=9
attention_head_size=3
dropout=0.2808552252350379
hidden_continuous_size=9
max_epochs=500
