gradient_clip_val=0.01098567268532131
learning_rate=0.007987827205186256
hidden_size=69
attention_head_size=1
dropout=0.24297632150715343
hidden_continuous_size=51
max_epochs=500
