gradient_clip_val=0.33554570250416343
learning_rate=0.029915284393906366
hidden_size=12
attention_head_size=3
dropout=0.14011030576030264
hidden_continuous_size=10
max_epochs=500
