gradient_clip_val=0.011832060166120853
learning_rate=0.07950302762669635
hidden_size=124
attention_head_size=4
dropout=0.14124044220626572
hidden_continuous_size=57
max_epochs=500
