gradient_clip_val=0.7519646937918005
learning_rate=0.01552655696103713
hidden_size=81
attention_head_size=1
dropout=0.2747811549600888
hidden_continuous_size=55
max_epochs=500
