gradient_clip_val=0.21662146897614767
learning_rate=0.0026167808831400545
hidden_size=16
attention_head_size=3
dropout=0.11885095429135224
hidden_continuous_size=9
max_epochs=500
