gradient_clip_val=0.09939300928541867
learning_rate=0.009234905087733523
hidden_size=47
attention_head_size=2
dropout=0.11698447025609622
hidden_continuous_size=27
max_epochs=500
