gradient_clip_val=0.03840211826205214
learning_rate=0.003832278369683288
hidden_size=13
attention_head_size=4
dropout=0.2205812230654885
hidden_continuous_size=11
max_epochs=500
