gradient_clip_val=0.01551796711752384
learning_rate=0.0043420601420492465
hidden_size=20
attention_head_size=1
dropout=0.2517841365711078
hidden_continuous_size=17
max_epochs=500
