gradient_clip_val=0.06206989191038971
learning_rate=0.02221553259581146
hidden_size=95
attention_head_size=1
dropout=0.2776626274427166
hidden_continuous_size=88
max_epochs=500
