gradient_clip_val=0.0943258282309348
learning_rate=0.008221650734280864
hidden_size=15
attention_head_size=2
dropout=0.21141387354711805
hidden_continuous_size=14
max_epochs=500
