gradient_clip_val=0.06697392948481558
learning_rate=0.010767478319754251
hidden_size=15
attention_head_size=3
dropout=0.1425950355284273
hidden_continuous_size=14
max_epochs=500
