gradient_clip_val=0.011489694919946397
learning_rate=0.002039810443020949
hidden_size=110
attention_head_size=2
dropout=0.19574904673783733
hidden_continuous_size=15
max_epochs=500
