gradient_clip_val=0.15346856278080873
learning_rate=0.029304017042045775
hidden_size=58
attention_head_size=4
dropout=0.26605133579506396
hidden_continuous_size=44
max_epochs=500
