gradient_clip_val=0.5499259286261019
learning_rate=0.016311547384288215
hidden_size=61
attention_head_size=2
dropout=0.22026632596886736
hidden_continuous_size=12
max_epochs=500
