gradient_clip_val=0.1188725925788372
learning_rate=0.00825527053453523
hidden_size=124
attention_head_size=4
dropout=0.14276858220985672
hidden_continuous_size=35
max_epochs=500
