gradient_clip_val=0.03763518135732174
learning_rate=0.047805543322672464
hidden_size=79
attention_head_size=4
dropout=0.23712440050250896
hidden_continuous_size=21
max_epochs=500
