gradient_clip_val=0.26847547113851034
learning_rate=0.0017477530136348236
hidden_size=73
attention_head_size=4
dropout=0.29117664200025195
hidden_continuous_size=13
max_epochs=500
