gradient_clip_val=0.013007941822850574
learning_rate=0.0032463930567445455
hidden_size=83
attention_head_size=3
dropout=0.20907561702792607
hidden_continuous_size=12
max_epochs=500
