gradient_clip_val=0.01603938583510276
learning_rate=0.003230395290348384
hidden_size=10
attention_head_size=3
dropout=0.2685742739390795
hidden_continuous_size=10
max_epochs=500
