gradient_clip_val=0.01837606299681281
learning_rate=0.0011146829739093456
hidden_size=13
attention_head_size=3
dropout=0.1975422567474234
hidden_continuous_size=8
max_epochs=500
