gradient_clip_val=0.061707906923111996
learning_rate=0.0012824422962665037
hidden_size=35
attention_head_size=4
dropout=0.2848125262207044
hidden_continuous_size=13
max_epochs=500
