gradient_clip_val=0.015832761172472794
learning_rate=0.02936927230155081
hidden_size=89
attention_head_size=1
dropout=0.1762718802222312
hidden_continuous_size=8
max_epochs=500
