gradient_clip_val=0.02831856114329648
learning_rate=0.05632285126580546
hidden_size=47
attention_head_size=4
dropout=0.13148495593127357
hidden_continuous_size=21
max_epochs=500
