gradient_clip_val=0.028040910297263015
learning_rate=0.011896282617942953
hidden_size=100
attention_head_size=2
dropout=0.17898475864589916
hidden_continuous_size=21
max_epochs=500
