gradient_clip_val=0.4510275013816797
learning_rate=0.009264748867065421
hidden_size=75
attention_head_size=2
dropout=0.18521884129376454
hidden_continuous_size=16
max_epochs=500
