gradient_clip_val=0.010353526440313048
learning_rate=0.005096753821411892
hidden_size=30
attention_head_size=1
dropout=0.23398115509257894
hidden_continuous_size=12
max_epochs=500
