gradient_clip_val=0.8273299995711358
learning_rate=0.03856102794250971
hidden_size=18
attention_head_size=3
dropout=0.16669738771896683
hidden_continuous_size=12
max_epochs=500
