gradient_clip_val=0.014701024936678464
learning_rate=0.0010968196907962938
hidden_size=46
attention_head_size=4
dropout=0.19621596237135153
hidden_continuous_size=14
max_epochs=500
