gradient_clip_val=0.04855345860203945
learning_rate=0.005897233919759356
hidden_size=13
attention_head_size=3
dropout=0.14516228783439183
hidden_continuous_size=8
max_epochs=500
