gradient_clip_val=0.015306177173500071
learning_rate=0.0068185872379030316
hidden_size=47
attention_head_size=4
dropout=0.261180386538135
hidden_continuous_size=28
max_epochs=500
