gradient_clip_val=0.3730733169950592
learning_rate=0.0013047240223081676
hidden_size=8
attention_head_size=2
dropout=0.24417767294658357
hidden_continuous_size=8
max_epochs=500
