gradient_clip_val=0.3946140825062103
learning_rate=0.013380820175125102
hidden_size=16
attention_head_size=1
dropout=0.2453949726406528
hidden_continuous_size=14
max_epochs=500
