gradient_clip_val=0.05986893495930684
learning_rate=0.005809738854175931
hidden_size=35
attention_head_size=2
dropout=0.1793460230739086
hidden_continuous_size=18
max_epochs=500
