gradient_clip_val=0.04210046776148398
learning_rate=0.019384364435759662
hidden_size=107
attention_head_size=4
dropout=0.22644576726177262
hidden_continuous_size=37
max_epochs=500
