gradient_clip_val=0.34148256615120726
learning_rate=0.09694783278690257
hidden_size=9
attention_head_size=2
dropout=0.263870651504112
hidden_continuous_size=8
max_epochs=500
