gradient_clip_val=0.01192940349280834
learning_rate=0.023964687142164192
hidden_size=16
attention_head_size=1
dropout=0.24619030506411602
hidden_continuous_size=11
max_epochs=500
