gradient_clip_val=0.6856830089352348
learning_rate=0.09089592891732985
hidden_size=42
attention_head_size=1
dropout=0.11636828720757593
hidden_continuous_size=17
max_epochs=500
