gradient_clip_val=0.8679275533421089
learning_rate=0.002930010053425487
hidden_size=11
attention_head_size=4
dropout=0.2725567679783351
hidden_continuous_size=9
max_epochs=500
