gradient_clip_val=0.6465042080493242
learning_rate=0.0036607728395659806
hidden_size=72
attention_head_size=1
dropout=0.25293676674306187
hidden_continuous_size=35
max_epochs=500
