gradient_clip_val=0.162681700163957
learning_rate=0.020670724569853555
hidden_size=14
attention_head_size=1
dropout=0.2608816427641679
hidden_continuous_size=14
max_epochs=500
