gradient_clip_val=0.3336660269906768
learning_rate=0.0021239232541082603
hidden_size=60
attention_head_size=4
dropout=0.2796132651747038
hidden_continuous_size=16
max_epochs=500
