gradient_clip_val=0.8812608128717148
learning_rate=0.02332041808257802
hidden_size=23
attention_head_size=4
dropout=0.17927949442990512
hidden_continuous_size=15
max_epochs=500
