gradient_clip_val=0.0685072661074317
learning_rate=0.0011131148816574143
hidden_size=92
attention_head_size=2
dropout=0.24981131648661803
hidden_continuous_size=10
max_epochs=500
