gradient_clip_val=0.25905394215061833
learning_rate=0.025028999217264352
hidden_size=34
attention_head_size=2
dropout=0.18906304338538749
hidden_continuous_size=13
max_epochs=500
