gradient_clip_val=0.11659472751811548
learning_rate=0.04587452502907822
hidden_size=34
attention_head_size=4
dropout=0.11927489435265617
hidden_continuous_size=10
max_epochs=500
