gradient_clip_val=0.6819075149600499
learning_rate=0.008219773991673267
hidden_size=38
attention_head_size=2
dropout=0.23054517372392086
hidden_continuous_size=11
max_epochs=500
