gradient_clip_val=0.012886365930191473
learning_rate=0.007674460638070369
hidden_size=51
attention_head_size=2
dropout=0.20969054683768512
hidden_continuous_size=17
max_epochs=500
