gradient_clip_val=0.0698487946148707
learning_rate=0.0031578662377433953
hidden_size=47
attention_head_size=3
dropout=0.16054011336366875
hidden_continuous_size=8
max_epochs=500
