gradient_clip_val=0.1270435905849114
learning_rate=0.014371418120749014
hidden_size=34
attention_head_size=3
dropout=0.17029214395308784
hidden_continuous_size=12
max_epochs=500
