gradient_clip_val=0.04745237217512411
learning_rate=0.02581257409972547
hidden_size=22
attention_head_size=1
dropout=0.1725898316724252
hidden_continuous_size=16
max_epochs=500
