gradient_clip_val=0.06818711613696568
learning_rate=0.015502910901226291
hidden_size=71
attention_head_size=4
dropout=0.218712963356239
hidden_continuous_size=27
max_epochs=500
