gradient_clip_val=0.04641758185420424
learning_rate=0.02911645860130997
hidden_size=37
attention_head_size=3
dropout=0.24970059011904433
hidden_continuous_size=12
max_epochs=500
