gradient_clip_val=0.6536763262473678
learning_rate=0.04722751074490081
hidden_size=31
attention_head_size=3
dropout=0.11186570290766491
hidden_continuous_size=16
max_epochs=500
