gradient_clip_val=0.05910837850056437
learning_rate=0.05274686235853515
hidden_size=11
attention_head_size=1
dropout=0.29510012785198614
hidden_continuous_size=10
max_epochs=500
