gradient_clip_val=0.0705526305292833
learning_rate=0.024044754930291883
hidden_size=29
attention_head_size=4
dropout=0.19759152131181562
hidden_continuous_size=9
max_epochs=500
