gradient_clip_val=0.021004462309799826
learning_rate=0.009633636452565424
hidden_size=67
attention_head_size=3
dropout=0.2642632804094137
hidden_continuous_size=29
max_epochs=500
