gradient_clip_val=0.03260484910267921
learning_rate=0.004227949980160314
hidden_size=19
attention_head_size=1
dropout=0.1732766841933235
hidden_continuous_size=17
max_epochs=500
