gradient_clip_val=0.23663811575824642
learning_rate=0.03597442064351905
hidden_size=53
attention_head_size=2
dropout=0.14696791590718966
hidden_continuous_size=20
max_epochs=500
