gradient_clip_val=0.10721700414139707
learning_rate=0.09692680594981892
hidden_size=26
attention_head_size=1
dropout=0.2889372666258384
hidden_continuous_size=17
max_epochs=500
