gradient_clip_val=0.028494191880287446
learning_rate=0.016220309210031675
hidden_size=82
attention_head_size=2
dropout=0.19941043926963117
hidden_continuous_size=32
max_epochs=500
