gradient_clip_val=0.20075499356853002
learning_rate=0.0032382542679952344
hidden_size=60
attention_head_size=1
dropout=0.13353631724241508
hidden_continuous_size=40
max_epochs=500
