gradient_clip_val=0.06716566929676092
learning_rate=0.006320347918915433
hidden_size=12
attention_head_size=4
dropout=0.15348787217260085
hidden_continuous_size=8
max_epochs=500
