gradient_clip_val=0.13299386607418068
learning_rate=0.004650063399917134
hidden_size=112
attention_head_size=2
dropout=0.18612074603347217
hidden_continuous_size=90
max_epochs=500
