gradient_clip_val=0.08363340340704313
learning_rate=0.005975798299028915
hidden_size=25
attention_head_size=1
dropout=0.12198548539049217
hidden_continuous_size=19
max_epochs=500
