gradient_clip_val=0.02807078294896878
learning_rate=0.0015263778817678183
hidden_size=84
attention_head_size=2
dropout=0.11766652528338035
hidden_continuous_size=47
max_epochs=500
