gradient_clip_val=0.0948579785741834
learning_rate=0.00531269785631308
hidden_size=19
attention_head_size=3
dropout=0.25861625239914965
hidden_continuous_size=14
max_epochs=500
