gradient_clip_val=0.018398038662899702
learning_rate=0.0015057764626248958
hidden_size=42
attention_head_size=2
dropout=0.24721233862417466
hidden_continuous_size=25
max_epochs=500
