gradient_clip_val=0.6956121807497098
learning_rate=0.042470760834630986
hidden_size=15
attention_head_size=1
dropout=0.17665868911103783
hidden_continuous_size=10
max_epochs=500
