gradient_clip_val=0.15476926669336094
learning_rate=0.00432415906036236
hidden_size=37
attention_head_size=2
dropout=0.2387916126455395
hidden_continuous_size=23
max_epochs=500
