gradient_clip_val=0.20124059604211025
learning_rate=0.03911162319873445
hidden_size=97
attention_head_size=2
dropout=0.2816258398688503
hidden_continuous_size=38
max_epochs=500
