gradient_clip_val=0.1593637538864701
learning_rate=0.07702760559318284
hidden_size=20
attention_head_size=3
dropout=0.2766380653898587
hidden_continuous_size=8
max_epochs=500
