gradient_clip_val=0.05372662324663502
learning_rate=0.0072485185657145505
hidden_size=85
attention_head_size=2
dropout=0.22363146111704466
hidden_continuous_size=54
max_epochs=500
