gradient_clip_val=0.5267472857006549
learning_rate=0.007822185605331657
hidden_size=61
attention_head_size=4
dropout=0.2844101189185694
hidden_continuous_size=13
max_epochs=500
