gradient_clip_val=0.019749945182013492
learning_rate=0.002567679016372968
hidden_size=14
attention_head_size=1
dropout=0.18954838570025684
hidden_continuous_size=8
max_epochs=500
