gradient_clip_val=0.438658857541827
learning_rate=0.06845683908989036
hidden_size=45
attention_head_size=2
dropout=0.10849244127969915
hidden_continuous_size=8
max_epochs=500
