gradient_clip_val=0.44394454203716605
learning_rate=0.003841570838938901
hidden_size=10
attention_head_size=2
dropout=0.21760978044933232
hidden_continuous_size=10
max_epochs=500
