gradient_clip_val=0.448428172426486
learning_rate=0.0010359478183781486
hidden_size=27
attention_head_size=4
dropout=0.23406305660384036
hidden_continuous_size=14
max_epochs=500
