gradient_clip_val=0.31594326312334203
learning_rate=0.038008733427693106
hidden_size=65
attention_head_size=4
dropout=0.23510576369201888
hidden_continuous_size=11
max_epochs=500
