gradient_clip_val=0.1891781924346973
learning_rate=0.0029149382630706284
hidden_size=29
attention_head_size=1
dropout=0.26301245283362784
hidden_continuous_size=11
max_epochs=500
