gradient_clip_val=0.017702390361686228
learning_rate=0.019314377523232756
hidden_size=106
attention_head_size=4
dropout=0.21696263359812962
hidden_continuous_size=77
max_epochs=500
