gradient_clip_val=0.8630107940462702
learning_rate=0.013957060770776353
hidden_size=67
attention_head_size=3
dropout=0.10979895586436109
hidden_continuous_size=38
max_epochs=500
