gradient_clip_val=0.23682092139500766
learning_rate=0.005566529380137866
hidden_size=17
attention_head_size=3
dropout=0.1971813917872825
hidden_continuous_size=17
max_epochs=500
