gradient_clip_val=0.023222316342310517
learning_rate=0.0596355667789965
hidden_size=29
attention_head_size=2
dropout=0.2528726299817642
hidden_continuous_size=11
max_epochs=500
