gradient_clip_val=0.031178958973733763
learning_rate=0.024969100704836083
hidden_size=76
attention_head_size=1
dropout=0.19603509328749522
hidden_continuous_size=31
max_epochs=500
