gradient_clip_val=0.24210918603232537
learning_rate=0.02602635484195705
hidden_size=8
attention_head_size=4
dropout=0.17174816903803913
hidden_continuous_size=8
max_epochs=500
