gradient_clip_val=0.01012190377307039
learning_rate=0.0031079301029180127
hidden_size=41
attention_head_size=1
dropout=0.273420504628219
hidden_continuous_size=25
max_epochs=500
