gradient_clip_val=0.2981850922421696
learning_rate=0.03693918966524627
hidden_size=41
attention_head_size=2
dropout=0.26309929210488925
hidden_continuous_size=9
max_epochs=500
