gradient_clip_val=0.016638472665707164
learning_rate=0.004981148677731719
hidden_size=24
attention_head_size=4
dropout=0.1453883860368444
hidden_continuous_size=10
max_epochs=500
