gradient_clip_val=0.7177293574739276
learning_rate=0.012380369497502196
hidden_size=24
attention_head_size=1
dropout=0.24669299558003313
hidden_continuous_size=15
max_epochs=500
