gradient_clip_val=0.027408841863345284
learning_rate=0.07276266058163264
hidden_size=24
attention_head_size=1
dropout=0.154837601762949
hidden_continuous_size=14
max_epochs=500
