gradient_clip_val=0.026535517225765002
learning_rate=0.027460590247433476
hidden_size=16
attention_head_size=2
dropout=0.13628237587797157
hidden_continuous_size=8
max_epochs=500
