gradient_clip_val=0.19948047413968167
learning_rate=0.0011673894743808556
hidden_size=38
attention_head_size=1
dropout=0.17803539381454558
hidden_continuous_size=14
max_epochs=500
