gradient_clip_val=0.054184270087500694
learning_rate=0.04857371924142313
hidden_size=12
attention_head_size=1
dropout=0.20240754424393315
hidden_continuous_size=8
max_epochs=500
