gradient_clip_val=0.07102266350734657
learning_rate=0.00235223622721326
hidden_size=28
attention_head_size=4
dropout=0.21200009172609208
hidden_continuous_size=11
max_epochs=500
