gradient_clip_val=0.19999702095488764
learning_rate=0.011951287846818308
hidden_size=32
attention_head_size=2
dropout=0.17379422315150178
hidden_continuous_size=28
max_epochs=500
