gradient_clip_val=0.6327205764535544
learning_rate=0.06575173977307652
hidden_size=34
attention_head_size=1
dropout=0.23836099045841333
hidden_continuous_size=18
max_epochs=500
