gradient_clip_val=0.012510440926274657
learning_rate=0.0012243599531270796
hidden_size=109
attention_head_size=4
dropout=0.2565419912134952
hidden_continuous_size=16
max_epochs=500
