gradient_clip_val=0.015362803586636714
learning_rate=0.0027433407388282914
hidden_size=104
attention_head_size=4
dropout=0.20438265094933
hidden_continuous_size=21
max_epochs=500
