gradient_clip_val=0.0514808441926531
learning_rate=0.011574887905516586
hidden_size=70
attention_head_size=4
dropout=0.2692614995534619
hidden_continuous_size=48
max_epochs=500
