gradient_clip_val=0.05287124492257876
learning_rate=0.03857759145869546
hidden_size=15
attention_head_size=4
dropout=0.1245192982315334
hidden_continuous_size=8
max_epochs=500
