gradient_clip_val=0.21389501142536188
learning_rate=0.0027972466337155655
hidden_size=94
attention_head_size=1
dropout=0.15917064785284063
hidden_continuous_size=61
max_epochs=500
