gradient_clip_val=0.9377009142544979
learning_rate=0.0028503817825109613
hidden_size=10
attention_head_size=2
dropout=0.14298600530502817
hidden_continuous_size=10
max_epochs=500
