gradient_clip_val=0.018887616128382193
learning_rate=0.041602056034906715
hidden_size=9
attention_head_size=4
dropout=0.14014095379296168
hidden_continuous_size=8
max_epochs=500
