gradient_clip_val=0.010054371064949651
learning_rate=0.014775241738561153
hidden_size=15
attention_head_size=3
dropout=0.18451870259852582
hidden_continuous_size=11
max_epochs=500
