gradient_clip_val=0.06845463219790389
learning_rate=0.0073332481476476455
hidden_size=28
attention_head_size=1
dropout=0.29961485916825203
hidden_continuous_size=15
max_epochs=500
