gradient_clip_val=0.015344865913785904
learning_rate=0.04130260331972871
hidden_size=8
attention_head_size=3
dropout=0.2507624605195661
hidden_continuous_size=8
max_epochs=500
