gradient_clip_val=0.011569047346954677
learning_rate=0.0025324003477198522
hidden_size=21
attention_head_size=2
dropout=0.13867079758607045
hidden_continuous_size=12
max_epochs=500
