gradient_clip_val=0.01758805556097535
learning_rate=0.04610449844181542
hidden_size=9
attention_head_size=3
dropout=0.24874249093862966
hidden_continuous_size=9
max_epochs=500
