gradient_clip_val=0.6603178685475551
learning_rate=0.020401166748916063
hidden_size=40
attention_head_size=1
dropout=0.254635464484571
hidden_continuous_size=10
max_epochs=500
