gradient_clip_val=0.20955095674918592
learning_rate=0.006638914241392468
hidden_size=8
attention_head_size=3
dropout=0.22046155142267337
hidden_continuous_size=8
max_epochs=500
