gradient_clip_val=0.016191980359767034
learning_rate=0.0012072391672160018
hidden_size=87
attention_head_size=3
dropout=0.2838390298133406
hidden_continuous_size=16
max_epochs=500
