gradient_clip_val=0.31244671759301385
learning_rate=0.015939047995180585
hidden_size=70
attention_head_size=1
dropout=0.16948592807488866
hidden_continuous_size=57
max_epochs=500
