gradient_clip_val=0.09010072332639833
learning_rate=0.041138914015428296
hidden_size=11
attention_head_size=3
dropout=0.23780662136181632
hidden_continuous_size=8
max_epochs=500
