gradient_clip_val=0.8421348711889772
learning_rate=0.054038041673644045
hidden_size=62
attention_head_size=2
dropout=0.2953696450395795
hidden_continuous_size=35
max_epochs=500
