gradient_clip_val=0.784515570805211
learning_rate=0.0017375599742290128
hidden_size=37
attention_head_size=3
dropout=0.12423559579180316
hidden_continuous_size=13
max_epochs=500
