gradient_clip_val=0.12948802546295246
learning_rate=0.018212583442115175
hidden_size=68
attention_head_size=4
dropout=0.29192653411158065
hidden_continuous_size=22
max_epochs=500
