gradient_clip_val=0.06576089398408422
learning_rate=0.09476043184930837
hidden_size=99
attention_head_size=1
dropout=0.2341040892179013
hidden_continuous_size=31
max_epochs=500
