gradient_clip_val=0.021342994520849944
learning_rate=0.02353340915230273
hidden_size=25
attention_head_size=2
dropout=0.17180339198623315
hidden_continuous_size=10
max_epochs=500
