gradient_clip_val=0.10236592172359789
learning_rate=0.0076885567073241585
hidden_size=51
attention_head_size=4
dropout=0.10597320478669746
hidden_continuous_size=19
max_epochs=500
