gradient_clip_val=0.04938219118916492
learning_rate=0.004176148044595067
hidden_size=34
attention_head_size=4
dropout=0.12163164068067259
hidden_continuous_size=24
max_epochs=500
