gradient_clip_val=0.057016503212796124
learning_rate=0.0052391211176517054
hidden_size=108
attention_head_size=1
dropout=0.14655074975091717
hidden_continuous_size=31
max_epochs=500
