gradient_clip_val=0.04758612691007821
learning_rate=0.018697921053655777
hidden_size=20
attention_head_size=1
dropout=0.15067452394551728
hidden_continuous_size=8
max_epochs=500
