gradient_clip_val=0.011540075484348525
learning_rate=0.015820565896945592
hidden_size=40
attention_head_size=2
dropout=0.24735726658336316
hidden_continuous_size=18
max_epochs=500
