gradient_clip_val=0.45073705343551673
learning_rate=0.0862604376927481
hidden_size=12
attention_head_size=1
dropout=0.2895382062205245
hidden_continuous_size=11
max_epochs=500
