gradient_clip_val=0.04982101647297923
learning_rate=0.0027603935269199624
hidden_size=22
attention_head_size=3
dropout=0.1774096449222685
hidden_continuous_size=11
max_epochs=500
