gradient_clip_val=0.1891034453997249
learning_rate=0.007441778355689164
hidden_size=102
attention_head_size=3
dropout=0.24016929782061827
hidden_continuous_size=15
max_epochs=500
