gradient_clip_val=0.08939902346383995
learning_rate=0.005369325891863879
hidden_size=32
attention_head_size=2
dropout=0.2841404034111452
hidden_continuous_size=8
max_epochs=500
