gradient_clip_val=0.17032257154920027
learning_rate=0.003546806705982053
hidden_size=113
attention_head_size=2
dropout=0.21855572234614257
hidden_continuous_size=8
max_epochs=500
