gradient_clip_val=0.022062451771502272
learning_rate=0.005159084363085075
hidden_size=20
attention_head_size=3
dropout=0.18413873484745677
hidden_continuous_size=9
max_epochs=500
