gradient_clip_val=0.41933278470668434
learning_rate=0.017629273356653877
hidden_size=16
attention_head_size=4
dropout=0.1731151383318559
hidden_continuous_size=13
max_epochs=500
