gradient_clip_val=0.9452995748166914
learning_rate=0.07838103645382408
hidden_size=126
attention_head_size=4
dropout=0.294667306900808
hidden_continuous_size=10
max_epochs=500
