gradient_clip_val=0.19298050037736228
learning_rate=0.004640061343640429
hidden_size=85
attention_head_size=1
dropout=0.2433988962158013
hidden_continuous_size=15
max_epochs=500
