gradient_clip_val=0.4062936773513108
learning_rate=0.08303540383969098
hidden_size=80
attention_head_size=2
dropout=0.2968067768332033
hidden_continuous_size=17
max_epochs=500
