gradient_clip_val=0.5665384879599871
learning_rate=0.0020004447041915316
hidden_size=19
attention_head_size=4
dropout=0.2354717107579689
hidden_continuous_size=17
max_epochs=500
