gradient_clip_val=0.30776290484232766
learning_rate=0.006023722413742458
hidden_size=24
attention_head_size=3
dropout=0.18233676570089521
hidden_continuous_size=10
max_epochs=500
