gradient_clip_val=0.957953732798078
learning_rate=0.001045689394418207
hidden_size=48
attention_head_size=4
dropout=0.11221570471845062
hidden_continuous_size=14
max_epochs=500
