gradient_clip_val=0.10714126649514172
learning_rate=0.025183777051988165
hidden_size=76
attention_head_size=1
dropout=0.2766294907281257
hidden_continuous_size=9
max_epochs=500
