gradient_clip_val=0.07905760999443412
learning_rate=0.013893956660444172
hidden_size=31
attention_head_size=2
dropout=0.178217118240518
hidden_continuous_size=29
max_epochs=500
