gradient_clip_val=0.29855301816608526
learning_rate=0.007541206085624868
hidden_size=25
attention_head_size=3
dropout=0.1295568518045747
hidden_continuous_size=20
max_epochs=500
