gradient_clip_val=0.345273300888745
learning_rate=0.032505291073138314
hidden_size=22
attention_head_size=4
dropout=0.11020875184716233
hidden_continuous_size=19
max_epochs=500
