gradient_clip_val=0.06207282833341488
learning_rate=0.002557648907020221
hidden_size=9
attention_head_size=3
dropout=0.15655036967999456
hidden_continuous_size=9
max_epochs=500
