gradient_clip_val=0.05174513491864175
learning_rate=0.0030457017617813017
hidden_size=37
attention_head_size=3
dropout=0.1064186935079242
hidden_continuous_size=12
max_epochs=500
