gradient_clip_val=0.05499282946714909
learning_rate=0.09831910076939478
hidden_size=13
attention_head_size=2
dropout=0.13730819296890379
hidden_continuous_size=8
max_epochs=500
