gradient_clip_val=0.5350025056824529
learning_rate=0.0015111275938075276
hidden_size=110
attention_head_size=3
dropout=0.1449910349114368
hidden_continuous_size=60
max_epochs=500
