gradient_clip_val=0.018036589902318517
learning_rate=0.001888219999105493
hidden_size=20
attention_head_size=1
dropout=0.2707445023949772
hidden_continuous_size=12
max_epochs=500
