gradient_clip_val=0.0779718762455328
learning_rate=0.028651877891411173
hidden_size=34
attention_head_size=1
dropout=0.19834792549920482
hidden_continuous_size=21
max_epochs=500
