gradient_clip_val=0.19531271562225153
learning_rate=0.08307482222845247
hidden_size=48
attention_head_size=3
dropout=0.2417971036143367
hidden_continuous_size=46
max_epochs=500
