gradient_clip_val=0.02997943680431151
learning_rate=0.029407025460712534
hidden_size=26
attention_head_size=4
dropout=0.24651430037500083
hidden_continuous_size=21
max_epochs=500
