gradient_clip_val=0.17018001643005495
learning_rate=0.009481681530953849
hidden_size=27
attention_head_size=3
dropout=0.19042089521482042
hidden_continuous_size=10
max_epochs=500
