gradient_clip_val=0.5256770243539127
learning_rate=0.013324206882188178
hidden_size=15
attention_head_size=2
dropout=0.29623311297990895
hidden_continuous_size=12
max_epochs=500
