gradient_clip_val=0.8181016272440962
learning_rate=0.002972391564629712
hidden_size=113
attention_head_size=2
dropout=0.22199771787485484
hidden_continuous_size=74
max_epochs=500
