gradient_clip_val=0.0520297344155223
learning_rate=0.06184897885582669
hidden_size=10
attention_head_size=1
dropout=0.23745838567266325
hidden_continuous_size=9
max_epochs=500
