gradient_clip_val=0.01106498482473742
learning_rate=0.006232496458152526
hidden_size=68
attention_head_size=4
dropout=0.1487477351368574
hidden_continuous_size=50
max_epochs=500
