gradient_clip_val=0.9117162949163108
learning_rate=0.016916056965429346
hidden_size=67
attention_head_size=1
dropout=0.2033859041619539
hidden_continuous_size=14
max_epochs=500
