gradient_clip_val=0.028651947606398075
learning_rate=0.0018049345169743488
hidden_size=25
attention_head_size=3
dropout=0.10606454399267323
hidden_continuous_size=9
max_epochs=500
