gradient_clip_val=0.052914459507986907
learning_rate=0.060214549940837456
hidden_size=83
attention_head_size=4
dropout=0.14965234418726253
hidden_continuous_size=28
max_epochs=500
