gradient_clip_val=0.052162608813602546
learning_rate=0.05045921943101099
hidden_size=9
attention_head_size=1
dropout=0.16637649825323997
hidden_continuous_size=9
max_epochs=500
