gradient_clip_val=0.37755049460798185
learning_rate=0.048400770615178126
hidden_size=79
attention_head_size=3
dropout=0.28061554358755625
hidden_continuous_size=11
max_epochs=500
