gradient_clip_val=0.011545786870429722
learning_rate=0.0874871081257128
hidden_size=11
attention_head_size=3
dropout=0.10214345314655258
hidden_continuous_size=8
max_epochs=500
