gradient_clip_val=0.1590935645266739
learning_rate=0.001953983217863269
hidden_size=127
attention_head_size=1
dropout=0.17914749219925002
hidden_continuous_size=45
max_epochs=500
