gradient_clip_val=0.4361038322150673
learning_rate=0.004658730115752837
hidden_size=47
attention_head_size=4
dropout=0.2831813560800789
hidden_continuous_size=30
max_epochs=500
