gradient_clip_val=0.49797504255995495
learning_rate=0.035573937483113806
hidden_size=17
attention_head_size=3
dropout=0.2299114245881826
hidden_continuous_size=8
max_epochs=500
