gradient_clip_val=0.06730197511443502
learning_rate=0.05281793718123958
hidden_size=31
attention_head_size=3
dropout=0.12455681048364527
hidden_continuous_size=31
max_epochs=500
