gradient_clip_val=0.015168060286668537
learning_rate=0.0016245316433325116
hidden_size=72
attention_head_size=2
dropout=0.21294744639142227
hidden_continuous_size=10
max_epochs=500
