gradient_clip_val=0.5527967130377373
learning_rate=0.0013959088078798708
hidden_size=13
attention_head_size=1
dropout=0.23883625709635248
hidden_continuous_size=8
max_epochs=500
