gradient_clip_val=0.011760424648297754
learning_rate=0.0027371328554102957
hidden_size=11
attention_head_size=4
dropout=0.29904572513953964
hidden_continuous_size=11
max_epochs=500
