gradient_clip_val=0.3578880924468408
learning_rate=0.010278644576324065
hidden_size=42
attention_head_size=2
dropout=0.23529541398124787
hidden_continuous_size=9
max_epochs=500
