gradient_clip_val=0.08666531802420696
learning_rate=0.03861454916010667
hidden_size=118
attention_head_size=4
dropout=0.28087322031593154
hidden_continuous_size=33
max_epochs=500
