gradient_clip_val=0.1363381122466528
learning_rate=0.050387358952317586
hidden_size=115
attention_head_size=2
dropout=0.21118753719167965
hidden_continuous_size=98
max_epochs=500
