gradient_clip_val=0.1777616480589699
learning_rate=0.08542089608070101
hidden_size=19
attention_head_size=2
dropout=0.2018450703925353
hidden_continuous_size=10
max_epochs=500
