gradient_clip_val=0.7008384739529073
learning_rate=0.0026947388322415204
hidden_size=19
attention_head_size=1
dropout=0.11505904721804867
hidden_continuous_size=11
max_epochs=500
