gradient_clip_val=0.5541794243166629
learning_rate=0.0010506708539461517
hidden_size=86
attention_head_size=2
dropout=0.2810645357047009
hidden_continuous_size=53
max_epochs=500
