gradient_clip_val=0.014816858688673598
learning_rate=0.0038636653480888096
hidden_size=77
attention_head_size=4
dropout=0.2689667647277244
hidden_continuous_size=72
max_epochs=500
