gradient_clip_val=0.01147300131643617
learning_rate=0.010806876010167856
hidden_size=39
attention_head_size=4
dropout=0.11385138125830291
hidden_continuous_size=23
max_epochs=500
