gradient_clip_val=0.6863685250374023
learning_rate=0.004317969980841371
hidden_size=74
attention_head_size=1
dropout=0.29680472622763665
hidden_continuous_size=16
max_epochs=500
