gradient_clip_val=0.01982635286711412
learning_rate=0.0996875781421255
hidden_size=75
attention_head_size=1
dropout=0.25181668963352966
hidden_continuous_size=8
max_epochs=500
