gradient_clip_val=0.14738201238107115
learning_rate=0.002453961022696833
hidden_size=89
attention_head_size=4
dropout=0.26979163474103574
hidden_continuous_size=48
max_epochs=500
