gradient_clip_val=0.34570914023379207
learning_rate=0.0015288854751188776
hidden_size=36
attention_head_size=2
dropout=0.2472095998942823
hidden_continuous_size=26
max_epochs=500
