gradient_clip_val=0.10979838947345665
learning_rate=0.035689496038100954
hidden_size=9
attention_head_size=3
dropout=0.28369192867544346
hidden_continuous_size=8
max_epochs=500
