gradient_clip_val=0.05670434169117064
learning_rate=0.0015750691927125073
hidden_size=94
attention_head_size=3
dropout=0.16607042293507676
hidden_continuous_size=48
max_epochs=500
