gradient_clip_val=0.02098462298632287
learning_rate=0.0075624829395680776
hidden_size=36
attention_head_size=2
dropout=0.1936490768146567
hidden_continuous_size=24
max_epochs=500
