gradient_clip_val=0.010075426565385313
learning_rate=0.009451995329988102
hidden_size=12
attention_head_size=2
dropout=0.25688123417626646
hidden_continuous_size=8
max_epochs=500
