gradient_clip_val=0.061757332393979715
learning_rate=0.016036845457319995
hidden_size=52
attention_head_size=1
dropout=0.17004339239974608
hidden_continuous_size=14
max_epochs=500
