gradient_clip_val=0.05213709457354389
learning_rate=0.00457847695942004
hidden_size=10
attention_head_size=3
dropout=0.2571023956294096
hidden_continuous_size=9
max_epochs=500
