gradient_clip_val=0.024910023136075356
learning_rate=0.048180922692509745
hidden_size=32
attention_head_size=4
dropout=0.1433812756907751
hidden_continuous_size=10
max_epochs=500
