gradient_clip_val=0.027878172888880833
learning_rate=0.019280516932825648
hidden_size=19
attention_head_size=2
dropout=0.23769430007433037
hidden_continuous_size=18
max_epochs=500
