gradient_clip_val=0.012748925706862129
learning_rate=0.0015189072053997076
hidden_size=18
attention_head_size=1
dropout=0.14519071446123089
hidden_continuous_size=15
max_epochs=500
