gradient_clip_val=0.02903955158919134
learning_rate=0.0838632695029255
hidden_size=104
attention_head_size=4
dropout=0.24973790361111536
hidden_continuous_size=50
max_epochs=500
