gradient_clip_val=0.4194027728563265
learning_rate=0.0019272110866787905
hidden_size=36
attention_head_size=2
dropout=0.2772460502286513
hidden_continuous_size=26
max_epochs=500
