gradient_clip_val=0.18345687987747983
learning_rate=0.0011611061691238478
hidden_size=32
attention_head_size=1
dropout=0.24435258346226627
hidden_continuous_size=8
max_epochs=500
