gradient_clip_val=0.026500520426335536
learning_rate=0.08455413312976992
hidden_size=100
attention_head_size=1
dropout=0.17609909369958912
hidden_continuous_size=24
max_epochs=500
