gradient_clip_val=0.024920188614495787
learning_rate=0.027991283207337733
hidden_size=73
attention_head_size=2
dropout=0.2529273308251152
hidden_continuous_size=18
max_epochs=500
