gradient_clip_val=0.04549483701316807
learning_rate=0.01318432757538403
hidden_size=84
attention_head_size=1
dropout=0.29763705547885666
hidden_continuous_size=55
max_epochs=500
