gradient_clip_val=0.18010527611867844
learning_rate=0.03202402451349381
hidden_size=10
attention_head_size=4
dropout=0.20584863406739926
hidden_continuous_size=9
max_epochs=500
