gradient_clip_val=0.08881534774709565
learning_rate=0.0026488921629203898
hidden_size=80
attention_head_size=1
dropout=0.10199235660260438
hidden_continuous_size=56
max_epochs=500
