gradient_clip_val=0.011206995032299466
learning_rate=0.004794444322049973
hidden_size=46
attention_head_size=2
dropout=0.24399809902783293
hidden_continuous_size=11
max_epochs=500
