gradient_clip_val=0.1066189743490291
learning_rate=0.006774460883247315
hidden_size=11
attention_head_size=2
dropout=0.1320436465274965
hidden_continuous_size=11
max_epochs=500
