gradient_clip_val=0.05130705897775069
learning_rate=0.004615341232700961
hidden_size=21
attention_head_size=4
dropout=0.2795777625107263
hidden_continuous_size=13
max_epochs=500
