gradient_clip_val=0.9307468739256557
learning_rate=0.019366522318062764
hidden_size=9
attention_head_size=2
dropout=0.2831442952750669
hidden_continuous_size=9
max_epochs=500
