gradient_clip_val=0.3073229084574555
learning_rate=0.09380033902125282
hidden_size=14
attention_head_size=1
dropout=0.12945138806351128
hidden_continuous_size=12
max_epochs=500
