gradient_clip_val=0.1750539538626997
learning_rate=0.06334047599658603
hidden_size=17
attention_head_size=1
dropout=0.13844087636294225
hidden_continuous_size=8
max_epochs=500
