gradient_clip_val=0.01918621452595013
learning_rate=0.005939650692831844
hidden_size=8
attention_head_size=3
dropout=0.16388033590474077
hidden_continuous_size=8
max_epochs=500
