gradient_clip_val=0.4589202441464897
learning_rate=0.002302052086914627
hidden_size=12
attention_head_size=3
dropout=0.22143568447443152
hidden_continuous_size=9
max_epochs=500
