gradient_clip_val=0.21313093023287208
learning_rate=0.002694273248292011
hidden_size=25
attention_head_size=1
dropout=0.28837406555023704
hidden_continuous_size=20
max_epochs=500
