gradient_clip_val=0.012434381794934338
learning_rate=0.060080066781820096
hidden_size=16
attention_head_size=1
dropout=0.2536627543377279
hidden_continuous_size=12
max_epochs=500
