gradient_clip_val=0.03523924449533837
learning_rate=0.002006131195174834
hidden_size=11
attention_head_size=1
dropout=0.17400573284334153
hidden_continuous_size=11
max_epochs=500
