gradient_clip_val=0.2745730620970855
learning_rate=0.015755813793287037
hidden_size=20
attention_head_size=1
dropout=0.1532957837492414
hidden_continuous_size=10
max_epochs=500
