gradient_clip_val=0.10821203777260271
learning_rate=0.0037022046948503536
hidden_size=9
attention_head_size=3
dropout=0.2039000791791296
hidden_continuous_size=9
max_epochs=500
