gradient_clip_val=0.033672694441488786
learning_rate=0.039060033600598475
hidden_size=117
attention_head_size=4
dropout=0.1389433997516695
hidden_continuous_size=51
max_epochs=500
