gradient_clip_val=0.020937832157196305
learning_rate=0.002853856079609831
hidden_size=20
attention_head_size=4
dropout=0.2771853901567525
hidden_continuous_size=8
max_epochs=500
