gradient_clip_val=0.1996114802676298
learning_rate=0.005808017322011968
hidden_size=31
attention_head_size=1
dropout=0.2747006997074807
hidden_continuous_size=12
max_epochs=500
