gradient_clip_val=0.14032658051168231
learning_rate=0.03353974534242228
hidden_size=41
attention_head_size=1
dropout=0.21571035763763155
hidden_continuous_size=40
max_epochs=500
