gradient_clip_val=0.06117906144375781
learning_rate=0.01116782415111713
hidden_size=10
attention_head_size=1
dropout=0.2830182973128481
hidden_continuous_size=10
max_epochs=500
