gradient_clip_val=0.9814622926132657
learning_rate=0.06036246185859197
hidden_size=41
attention_head_size=3
dropout=0.29869198087747534
hidden_continuous_size=22
max_epochs=500
