gradient_clip_val=0.13344838442228665
learning_rate=0.001005199687031737
hidden_size=14
attention_head_size=4
dropout=0.2561380043741542
hidden_continuous_size=11
max_epochs=500
