gradient_clip_val=0.4143289171540197
learning_rate=0.0016580719440638355
hidden_size=17
attention_head_size=1
dropout=0.10505104997228516
hidden_continuous_size=10
max_epochs=500
