gradient_clip_val=0.033586490125803524
learning_rate=0.004689123706402645
hidden_size=82
attention_head_size=2
dropout=0.10686314544728032
hidden_continuous_size=14
max_epochs=500
