gradient_clip_val=0.5347487405976274
learning_rate=0.0027320378774161255
hidden_size=41
attention_head_size=2
dropout=0.2292811552734663
hidden_continuous_size=8
max_epochs=500
