gradient_clip_val=0.13237397962446076
learning_rate=0.08562840310220093
hidden_size=19
attention_head_size=4
dropout=0.15006985876453885
hidden_continuous_size=18
max_epochs=500
