gradient_clip_val=0.8446524386197798
learning_rate=0.05790277955442399
hidden_size=103
attention_head_size=1
dropout=0.15085436745447633
hidden_continuous_size=33
max_epochs=500
