gradient_clip_val=0.6811760534217431
learning_rate=0.0029828230742118093
hidden_size=11
attention_head_size=4
dropout=0.12737985524579745
hidden_continuous_size=9
max_epochs=500
