gradient_clip_val=0.011902155921964386
learning_rate=0.003142946419017776
hidden_size=8
attention_head_size=2
dropout=0.15856397553350116
hidden_continuous_size=8
max_epochs=500
