gradient_clip_val=0.03563239746136538
learning_rate=0.002738304418866864
hidden_size=85
attention_head_size=4
dropout=0.22874620548763067
hidden_continuous_size=26
max_epochs=500
