gradient_clip_val=0.055834057858060004
learning_rate=0.003195674067988759
hidden_size=36
attention_head_size=4
dropout=0.17954294082895614
hidden_continuous_size=11
max_epochs=500
