gradient_clip_val=0.08502501818550708
learning_rate=0.0015174791621157793
hidden_size=16
attention_head_size=2
dropout=0.1439657078912095
hidden_continuous_size=10
max_epochs=500
