gradient_clip_val=0.012770731260762242
learning_rate=0.007019567918544623
hidden_size=99
attention_head_size=4
dropout=0.16760007478937541
hidden_continuous_size=94
max_epochs=500
