gradient_clip_val=0.11474535397798642
learning_rate=0.003142637948775239
hidden_size=15
attention_head_size=4
dropout=0.1188023599324105
hidden_continuous_size=15
max_epochs=500
