gradient_clip_val=0.4657936682501087
learning_rate=0.04812874773305731
hidden_size=14
attention_head_size=1
dropout=0.1306691349966948
hidden_continuous_size=12
max_epochs=500
