gradient_clip_val=0.1054883541523073
learning_rate=0.008444902565774603
hidden_size=104
attention_head_size=1
dropout=0.27001269234719927
hidden_continuous_size=19
max_epochs=500
