gradient_clip_val=0.7590574851539484
learning_rate=0.013525186700705443
hidden_size=12
attention_head_size=4
dropout=0.16566414395890205
hidden_continuous_size=9
max_epochs=500
