gradient_clip_val=0.36077903431659314
learning_rate=0.013554023475150384
hidden_size=11
attention_head_size=1
dropout=0.1340927078861601
hidden_continuous_size=9
max_epochs=500
