gradient_clip_val=0.6967328356762549
learning_rate=0.007987648657208935
hidden_size=33
attention_head_size=3
dropout=0.29296671132876884
hidden_continuous_size=16
max_epochs=500
