gradient_clip_val=0.7065280337309484
learning_rate=0.017651524540608504
hidden_size=68
attention_head_size=1
dropout=0.17806548806235928
hidden_continuous_size=16
max_epochs=500
