gradient_clip_val=0.02822171288333022
learning_rate=0.02633396803860762
hidden_size=15
attention_head_size=4
dropout=0.18513247858691004
hidden_continuous_size=10
max_epochs=500
