gradient_clip_val=0.42765095320924584
learning_rate=0.03675430860235827
hidden_size=44
attention_head_size=4
dropout=0.10454244447938749
hidden_continuous_size=26
max_epochs=500
