gradient_clip_val=0.015169871076297454
learning_rate=0.0033918389141932934
hidden_size=39
attention_head_size=3
dropout=0.26579617493122865
hidden_continuous_size=8
max_epochs=500
