gradient_clip_val=0.06495513150412696
learning_rate=0.003186001795300525
hidden_size=44
attention_head_size=4
dropout=0.2736440975609615
hidden_continuous_size=37
max_epochs=500
