gradient_clip_val=0.5376038489171372
learning_rate=0.003111133723085773
hidden_size=12
attention_head_size=4
dropout=0.21054725298868693
hidden_continuous_size=9
max_epochs=500
