gradient_clip_val=0.4909815918678916
learning_rate=0.0016451641037876455
hidden_size=37
attention_head_size=2
dropout=0.2160819022946871
hidden_continuous_size=28
max_epochs=500
