gradient_clip_val=0.022728182292643305
learning_rate=0.005789399159804615
hidden_size=34
attention_head_size=4
dropout=0.1337671966959607
hidden_continuous_size=17
max_epochs=500
