gradient_clip_val=0.11353097436658131
learning_rate=0.001079750386490797
hidden_size=31
attention_head_size=4
dropout=0.191108496832602
hidden_continuous_size=10
max_epochs=500
