gradient_clip_val=0.11263141311504465
learning_rate=0.0033729152718892375
hidden_size=10
attention_head_size=3
dropout=0.2032783314140033
hidden_continuous_size=8
max_epochs=500
