gradient_clip_val=0.28419333095638594
learning_rate=0.025275122343370877
hidden_size=38
attention_head_size=3
dropout=0.25054503555668306
hidden_continuous_size=10
max_epochs=500
