gradient_clip_val=0.43497579259512825
learning_rate=0.006001196172415936
hidden_size=69
attention_head_size=1
dropout=0.27174142531056866
hidden_continuous_size=50
max_epochs=500
