gradient_clip_val=0.4397458306675977
learning_rate=0.0012675715991382877
hidden_size=15
attention_head_size=4
dropout=0.16032893001092685
hidden_continuous_size=8
max_epochs=500
