gradient_clip_val=0.1157556519757072
learning_rate=0.012828573267619782
hidden_size=75
attention_head_size=2
dropout=0.11316713082726444
hidden_continuous_size=55
max_epochs=500
