gradient_clip_val=0.02529082510855467
learning_rate=0.0010691154701861464
hidden_size=126
attention_head_size=4
dropout=0.2238872749267491
hidden_continuous_size=13
max_epochs=500
