gradient_clip_val=0.19132103033720765
learning_rate=0.03305740281599509
hidden_size=49
attention_head_size=2
dropout=0.2370418902539137
hidden_continuous_size=9
max_epochs=500
