gradient_clip_val=0.47601633751383643
learning_rate=0.0068715425498596175
hidden_size=8
attention_head_size=3
dropout=0.13251489772109953
hidden_continuous_size=8
max_epochs=500
