gradient_clip_val=0.1860670249113115
learning_rate=0.022589001172987903
hidden_size=69
attention_head_size=2
dropout=0.14021083442974158
hidden_continuous_size=41
max_epochs=500
