gradient_clip_val=0.022021471660193328
learning_rate=0.004828767817416811
hidden_size=73
attention_head_size=1
dropout=0.15840642040642494
hidden_continuous_size=40
max_epochs=500
