gradient_clip_val=0.7853707225990726
learning_rate=0.013979274536948588
hidden_size=30
attention_head_size=1
dropout=0.2582388267823838
hidden_continuous_size=15
max_epochs=500
