gradient_clip_val=0.6847801213112231
learning_rate=0.005930855493944041
hidden_size=42
attention_head_size=4
dropout=0.21401655415746823
hidden_continuous_size=26
max_epochs=500
