gradient_clip_val=0.16013496933379426
learning_rate=0.025293362053285664
hidden_size=61
attention_head_size=3
dropout=0.2244909719866816
hidden_continuous_size=41
max_epochs=500
