gradient_clip_val=0.012319226151257651
learning_rate=0.01235132451595105
hidden_size=79
attention_head_size=2
dropout=0.1497319034977901
hidden_continuous_size=70
max_epochs=500
