gradient_clip_val=0.07225737214608619
learning_rate=0.05437701308753684
hidden_size=102
attention_head_size=1
dropout=0.2760373483056128
hidden_continuous_size=11
max_epochs=500
