gradient_clip_val=0.012646868329611857
learning_rate=0.0019236601819824376
hidden_size=34
attention_head_size=1
dropout=0.1129562682616167
hidden_continuous_size=15
max_epochs=500
