gradient_clip_val=0.0738941568984484
learning_rate=0.006701805950640002
hidden_size=28
attention_head_size=3
dropout=0.15361234831043225
hidden_continuous_size=23
max_epochs=500
