gradient_clip_val=0.016418023289370712
learning_rate=0.08488705500599311
hidden_size=22
attention_head_size=2
dropout=0.14696354469329695
hidden_continuous_size=10
max_epochs=500
