gradient_clip_val=0.08746914295328713
learning_rate=0.08150182862190417
hidden_size=14
attention_head_size=2
dropout=0.10147602110453957
hidden_continuous_size=11
max_epochs=500
