gradient_clip_val=0.06962654242739728
learning_rate=0.0010832003332988522
hidden_size=96
attention_head_size=2
dropout=0.2766863457230642
hidden_continuous_size=60
max_epochs=500
