gradient_clip_val=0.23131827129480212
learning_rate=0.07284345444246791
hidden_size=34
attention_head_size=3
dropout=0.2715185000758647
hidden_continuous_size=19
max_epochs=500
