gradient_clip_val=0.03845589755036549
learning_rate=0.0029174344382166054
hidden_size=58
attention_head_size=2
dropout=0.25058270268189053
hidden_continuous_size=40
max_epochs=500
