gradient_clip_val=0.7598409992168789
learning_rate=0.002648987195493626
hidden_size=78
attention_head_size=3
dropout=0.22539500190811304
hidden_continuous_size=12
max_epochs=500
