gradient_clip_val=0.7942483938896322
learning_rate=0.010087398919531847
hidden_size=122
attention_head_size=1
dropout=0.140332747908725
hidden_continuous_size=24
max_epochs=500
