gradient_clip_val=0.0968796234603928
learning_rate=0.06546925875117078
hidden_size=44
attention_head_size=3
dropout=0.19142485688194733
hidden_continuous_size=8
max_epochs=500
