gradient_clip_val=0.011573538949615677
learning_rate=0.04885532657005481
hidden_size=15
attention_head_size=3
dropout=0.15509097342955733
hidden_continuous_size=8
max_epochs=500
