gradient_clip_val=0.18432890669771718
learning_rate=0.020114439309674867
hidden_size=63
attention_head_size=1
dropout=0.1995647667591773
hidden_continuous_size=14
max_epochs=500
