gradient_clip_val=0.05206590362228061
learning_rate=0.07810289421779654
hidden_size=21
attention_head_size=3
dropout=0.2119073980980522
hidden_continuous_size=17
max_epochs=500
