gradient_clip_val=0.017278377267763784
learning_rate=0.017144862724292928
hidden_size=88
attention_head_size=2
dropout=0.25450155763344295
hidden_continuous_size=13
max_epochs=500
