gradient_clip_val=0.40129808416703483
learning_rate=0.009320823436212137
hidden_size=60
attention_head_size=3
dropout=0.2556594488692433
hidden_continuous_size=19
max_epochs=500
