gradient_clip_val=0.02563476069305547
learning_rate=0.08508749157189789
hidden_size=49
attention_head_size=3
dropout=0.11773204634704573
hidden_continuous_size=18
max_epochs=500
