gradient_clip_val=0.16728980829657675
learning_rate=0.002644203730104726
hidden_size=15
attention_head_size=4
dropout=0.12603315640472398
hidden_continuous_size=11
max_epochs=500
