gradient_clip_val=0.10459434074359876
learning_rate=0.005582508076274722
hidden_size=40
attention_head_size=4
dropout=0.1614022036760303
hidden_continuous_size=36
max_epochs=500
