gradient_clip_val=0.07610200947805681
learning_rate=0.07239982163529125
hidden_size=32
attention_head_size=2
dropout=0.1913896480865871
hidden_continuous_size=8
max_epochs=500
