gradient_clip_val=0.4150787538769011
learning_rate=0.02140217264843036
hidden_size=8
attention_head_size=2
dropout=0.1471277143509542
hidden_continuous_size=8
max_epochs=500
