gradient_clip_val=0.02837005000558195
learning_rate=0.004852842829569978
hidden_size=11
attention_head_size=2
dropout=0.15021871181456414
hidden_continuous_size=11
max_epochs=500
