gradient_clip_val=0.03724852407029927
learning_rate=0.0017775935851037843
hidden_size=75
attention_head_size=2
dropout=0.1711699532040243
hidden_continuous_size=27
max_epochs=500
