gradient_clip_val=0.07627854600623722
learning_rate=0.067381976154615
hidden_size=45
attention_head_size=3
dropout=0.2570102833272494
hidden_continuous_size=43
max_epochs=500
