gradient_clip_val=0.03679382284508321
learning_rate=0.0638348812779799
hidden_size=36
attention_head_size=1
dropout=0.27059613809185984
hidden_continuous_size=31
max_epochs=500
