gradient_clip_val=0.015279548687074845
learning_rate=0.003516993428431379
hidden_size=64
attention_head_size=2
dropout=0.11878526936225929
hidden_continuous_size=42
max_epochs=500
