gradient_clip_val=0.023134080584611028
learning_rate=0.08996204028078787
hidden_size=17
attention_head_size=4
dropout=0.1495311881706181
hidden_continuous_size=14
max_epochs=500
