gradient_clip_val=0.07597839268656426
learning_rate=0.0011212529626365613
hidden_size=31
attention_head_size=3
dropout=0.1408721973766333
hidden_continuous_size=23
max_epochs=500
