gradient_clip_val=0.16215264747593844
learning_rate=0.004005885060362259
hidden_size=11
attention_head_size=3
dropout=0.22384310149114925
hidden_continuous_size=8
max_epochs=500
