gradient_clip_val=0.14355498343303488
learning_rate=0.02742008599613838
hidden_size=33
attention_head_size=4
dropout=0.2543851216956896
hidden_continuous_size=10
max_epochs=500
