gradient_clip_val=0.014869615937876203
learning_rate=0.003914818877325648
hidden_size=8
attention_head_size=1
dropout=0.1703627553680777
hidden_continuous_size=8
max_epochs=500
