gradient_clip_val=0.025868837840406667
learning_rate=0.04085090585974207
hidden_size=24
attention_head_size=2
dropout=0.2637143187897024
hidden_continuous_size=13
max_epochs=500
