gradient_clip_val=0.044565837559777395
learning_rate=0.01829574136311452
hidden_size=13
attention_head_size=2
dropout=0.2955559752555513
hidden_continuous_size=8
max_epochs=500
