gradient_clip_val=0.7923035942727661
learning_rate=0.0023618608447719
hidden_size=12
attention_head_size=4
dropout=0.25287816313236744
hidden_continuous_size=9
max_epochs=500
