gradient_clip_val=0.011435836733909398
learning_rate=0.011451725613457732
hidden_size=20
attention_head_size=3
dropout=0.1494449669027519
hidden_continuous_size=17
max_epochs=500
