gradient_clip_val=0.10867576441236913
learning_rate=0.03009514620619141
hidden_size=18
attention_head_size=2
dropout=0.13043381630185763
hidden_continuous_size=15
max_epochs=500
