gradient_clip_val=0.14730195607654897
learning_rate=0.003518290755384657
hidden_size=101
attention_head_size=1
dropout=0.22437257139264197
hidden_continuous_size=34
max_epochs=500
