gradient_clip_val=0.0214509169358813
learning_rate=0.0017109913507926606
hidden_size=56
attention_head_size=1
dropout=0.29933008672193906
hidden_continuous_size=18
max_epochs=500
