gradient_clip_val=0.011430138951583423
learning_rate=0.08715685075046832
hidden_size=15
attention_head_size=2
dropout=0.10384512268249771
hidden_continuous_size=10
max_epochs=500
