gradient_clip_val=0.014492526230483619
learning_rate=0.00617628284865501
hidden_size=37
attention_head_size=3
dropout=0.11149545733157905
hidden_continuous_size=30
max_epochs=500
