gradient_clip_val=0.01830020563771049
learning_rate=0.0013953579137235656
hidden_size=38
attention_head_size=1
dropout=0.18485640493552996
hidden_continuous_size=12
max_epochs=500
