gradient_clip_val=0.5980079617841128
learning_rate=0.006419134544687776
hidden_size=64
attention_head_size=3
dropout=0.2529188995358129
hidden_continuous_size=8
max_epochs=500
