gradient_clip_val=0.07859752370013676
learning_rate=0.0808433273960068
hidden_size=28
attention_head_size=1
dropout=0.1073742052303577
hidden_continuous_size=21
max_epochs=500
