gradient_clip_val=0.03508409376975261
learning_rate=0.013371035801875375
hidden_size=91
attention_head_size=3
dropout=0.11779252190907374
hidden_continuous_size=54
max_epochs=500
