gradient_clip_val=0.039043394659114654
learning_rate=0.030782074568922804
hidden_size=23
attention_head_size=3
dropout=0.2081127131687629
hidden_continuous_size=8
max_epochs=500
