gradient_clip_val=0.052089535686368635
learning_rate=0.03489154475563141
hidden_size=47
attention_head_size=1
dropout=0.2528086800509164
hidden_continuous_size=21
max_epochs=500
