gradient_clip_val=0.022380856547239328
learning_rate=0.026070818016066845
hidden_size=77
attention_head_size=2
dropout=0.2654085520564684
hidden_continuous_size=40
max_epochs=500
