gradient_clip_val=0.08657601889207962
learning_rate=0.001963809228436372
hidden_size=8
attention_head_size=4
dropout=0.1160313039255102
hidden_continuous_size=8
max_epochs=500
