gradient_clip_val=0.03667218674770345
learning_rate=0.002165525388017239
hidden_size=83
attention_head_size=2
dropout=0.28531802393009786
hidden_continuous_size=13
max_epochs=500
