gradient_clip_val=0.052870857637565966
learning_rate=0.011599246166722886
hidden_size=70
attention_head_size=1
dropout=0.15760473737264896
hidden_continuous_size=30
max_epochs=500
