gradient_clip_val=0.07085235851464351
learning_rate=0.06530111221589244
hidden_size=48
attention_head_size=4
dropout=0.24085721764269788
hidden_continuous_size=8
max_epochs=500
