gradient_clip_val=0.2761777763343343
learning_rate=0.016146508904665898
hidden_size=99
attention_head_size=3
dropout=0.15889492049354512
hidden_continuous_size=31
max_epochs=500
