gradient_clip_val=0.013253733227234738
learning_rate=0.0012377076336593808
hidden_size=69
attention_head_size=3
dropout=0.2384550803395488
hidden_continuous_size=9
max_epochs=500
