gradient_clip_val=0.4095887776863048
learning_rate=0.002992590570581
hidden_size=22
attention_head_size=4
dropout=0.2620079914934316
hidden_continuous_size=9
max_epochs=500
