gradient_clip_val=0.2583715376686709
learning_rate=0.0012759402937485057
hidden_size=54
attention_head_size=1
dropout=0.1572655741954868
hidden_continuous_size=9
max_epochs=500
