gradient_clip_val=0.011006405601770831
learning_rate=0.013177618245620875
hidden_size=8
attention_head_size=1
dropout=0.11223642358811325
hidden_continuous_size=8
max_epochs=500
