gradient_clip_val=0.1313816697910931
learning_rate=0.021849978227571436
hidden_size=18
attention_head_size=4
dropout=0.1406231059304946
hidden_continuous_size=18
max_epochs=500
