gradient_clip_val=0.13727918162487474
learning_rate=0.011230026027549536
hidden_size=58
attention_head_size=1
dropout=0.21076327748838514
hidden_continuous_size=22
max_epochs=500
