gradient_clip_val=0.01598783380797364
learning_rate=0.020100010843914298
hidden_size=25
attention_head_size=2
dropout=0.1489392394019013
hidden_continuous_size=22
max_epochs=500
