gradient_clip_val=0.05793764072523799
learning_rate=0.0022707787042290637
hidden_size=23
attention_head_size=2
dropout=0.1177092340030072
hidden_continuous_size=14
max_epochs=500
