gradient_clip_val=0.48423280483214787
learning_rate=0.032703184964145635
hidden_size=28
attention_head_size=2
dropout=0.13196207380195488
hidden_continuous_size=27
max_epochs=500
