gradient_clip_val=0.1520000080636151
learning_rate=0.004636953400093867
hidden_size=46
attention_head_size=1
dropout=0.15097312420538128
hidden_continuous_size=36
max_epochs=500
