gradient_clip_val=0.02248351647414419
learning_rate=0.00302869717916698
hidden_size=20
attention_head_size=1
dropout=0.25320440318257986
hidden_continuous_size=9
max_epochs=500
