gradient_clip_val=0.18127436614170908
learning_rate=0.007960102850380226
hidden_size=20
attention_head_size=4
dropout=0.10816661239452896
hidden_continuous_size=13
max_epochs=500
