gradient_clip_val=0.36250749149835026
learning_rate=0.004813980663339971
hidden_size=12
attention_head_size=2
dropout=0.11183529513954585
hidden_continuous_size=8
max_epochs=500
