gradient_clip_val=0.9878953617863573
learning_rate=0.0012713377086318361
hidden_size=17
attention_head_size=1
dropout=0.1647025410882634
hidden_continuous_size=9
max_epochs=500
