gradient_clip_val=0.012820745082287359
learning_rate=0.01668528723960768
hidden_size=12
attention_head_size=2
dropout=0.10467222768618215
hidden_continuous_size=9
max_epochs=500
