gradient_clip_val=0.3580438481846269
learning_rate=0.0010785352506154945
hidden_size=20
attention_head_size=4
dropout=0.22776252327912497
hidden_continuous_size=8
max_epochs=500
