gradient_clip_val=0.015441988892552496
learning_rate=0.001773257804106612
hidden_size=16
attention_head_size=1
dropout=0.137273954421071
hidden_continuous_size=8
max_epochs=500
