gradient_clip_val=0.6677042478669541
learning_rate=0.039095015006858753
hidden_size=8
attention_head_size=1
dropout=0.2662799647906722
hidden_continuous_size=8
max_epochs=500
