gradient_clip_val=0.018569912478910062
learning_rate=0.0052947962315344444
hidden_size=14
attention_head_size=4
dropout=0.29052696156673374
hidden_continuous_size=8
max_epochs=500
