gradient_clip_val=0.7398873090967829
learning_rate=0.0031153922353278412
hidden_size=28
attention_head_size=3
dropout=0.19652895085128005
hidden_continuous_size=9
max_epochs=500
