gradient_clip_val=0.26075854318487346
learning_rate=0.04993249567355903
hidden_size=103
attention_head_size=2
dropout=0.21876202177722065
hidden_continuous_size=75
max_epochs=500
