gradient_clip_val=0.012357382824428578
learning_rate=0.08380947193374638
hidden_size=15
attention_head_size=3
dropout=0.29139693691888596
hidden_continuous_size=8
max_epochs=500
