gradient_clip_val=0.3115858020671732
learning_rate=0.0018302163738019486
hidden_size=16
attention_head_size=1
dropout=0.18961140476730998
hidden_continuous_size=16
max_epochs=500
