gradient_clip_val=0.7064909257136446
learning_rate=0.004918521257056026
hidden_size=56
attention_head_size=1
dropout=0.2924398740293501
hidden_continuous_size=14
max_epochs=500
