gradient_clip_val=0.0349479126706076
learning_rate=0.06035873744781859
hidden_size=23
attention_head_size=1
dropout=0.11423498597556259
hidden_continuous_size=13
max_epochs=500
