gradient_clip_val=0.2612794701278635
learning_rate=0.0018943469247139214
hidden_size=97
attention_head_size=1
dropout=0.13239573939878868
hidden_continuous_size=30
max_epochs=500
