gradient_clip_val=0.032465398117064316
learning_rate=0.033210650086679026
hidden_size=20
attention_head_size=2
dropout=0.21716333708078517
hidden_continuous_size=13
max_epochs=500
