gradient_clip_val=0.07621566064997941
learning_rate=0.0039534273179043945
hidden_size=8
attention_head_size=4
dropout=0.2506440845322814
hidden_continuous_size=8
max_epochs=500
