gradient_clip_val=0.016321389901564978
learning_rate=0.004360359179079776
hidden_size=11
attention_head_size=4
dropout=0.13194239043452965
hidden_continuous_size=9
max_epochs=500
