gradient_clip_val=0.6604646216863448
learning_rate=0.0032760027198884887
hidden_size=83
attention_head_size=4
dropout=0.11454538819958314
hidden_continuous_size=11
max_epochs=500
