gradient_clip_val=0.044846321471693755
learning_rate=0.02141476524929734
hidden_size=114
attention_head_size=3
dropout=0.23858709890635935
hidden_continuous_size=112
max_epochs=500
