gradient_clip_val=0.5934340073152337
learning_rate=0.0031176538338410363
hidden_size=75
attention_head_size=4
dropout=0.2522452132571992
hidden_continuous_size=54
max_epochs=500
