gradient_clip_val=0.24644017229609633
learning_rate=0.0652596806143481
hidden_size=21
attention_head_size=4
dropout=0.19830431614584065
hidden_continuous_size=20
max_epochs=500
