gradient_clip_val=0.1490258158299804
learning_rate=0.06371535422724864
hidden_size=18
attention_head_size=1
dropout=0.1509785546203227
hidden_continuous_size=15
max_epochs=500
