gradient_clip_val=0.16085505388455718
learning_rate=0.002198201476174471
hidden_size=35
attention_head_size=2
dropout=0.29891912172666446
hidden_continuous_size=23
max_epochs=500
