gradient_clip_val=0.013346514659168309
learning_rate=0.0253605960930853
hidden_size=63
attention_head_size=1
dropout=0.25045247866512643
hidden_continuous_size=10
max_epochs=500
