gradient_clip_val=0.7133071700238712
learning_rate=0.0017137142319653853
hidden_size=15
attention_head_size=4
dropout=0.1862832916860941
hidden_continuous_size=8
max_epochs=500
