gradient_clip_val=0.18350200704932298
learning_rate=0.013965665458407822
hidden_size=19
attention_head_size=2
dropout=0.21533772426005693
hidden_continuous_size=16
max_epochs=500
