gradient_clip_val=0.13908302901325797
learning_rate=0.02562515539082703
hidden_size=22
attention_head_size=1
dropout=0.10130090303411686
hidden_continuous_size=20
max_epochs=500
