gradient_clip_val=0.02726249434313918
learning_rate=0.055343012825807704
hidden_size=38
attention_head_size=1
dropout=0.10052211445877997
hidden_continuous_size=26
max_epochs=500
