gradient_clip_val=0.5004905995748069
learning_rate=0.009981518586394464
hidden_size=12
attention_head_size=2
dropout=0.1762009892233361
hidden_continuous_size=12
max_epochs=500
