gradient_clip_val=0.958752369438469
learning_rate=0.0027180527442836337
hidden_size=62
attention_head_size=4
dropout=0.18877201108248332
hidden_continuous_size=9
max_epochs=500
