gradient_clip_val=0.30994391014821066
learning_rate=0.003764466609144975
hidden_size=17
attention_head_size=4
dropout=0.2324746180221986
hidden_continuous_size=9
max_epochs=500
