gradient_clip_val=0.7020765866299327
learning_rate=0.005440306696139761
hidden_size=75
attention_head_size=1
dropout=0.15088164213634386
hidden_continuous_size=37
max_epochs=500
