gradient_clip_val=0.8992008240809992
learning_rate=0.0032530205945823223
hidden_size=8
attention_head_size=1
dropout=0.27909450093417126
hidden_continuous_size=8
max_epochs=500
