gradient_clip_val=0.024607714075950506
learning_rate=0.028852285953146733
hidden_size=58
attention_head_size=1
dropout=0.2859799293894961
hidden_continuous_size=33
max_epochs=500
