gradient_clip_val=0.08662062763128649
learning_rate=0.003255599426978503
hidden_size=58
attention_head_size=3
dropout=0.10049209464008446
hidden_continuous_size=52
max_epochs=500
