gradient_clip_val=0.0902113576262248
learning_rate=0.027715366552821058
hidden_size=51
attention_head_size=1
dropout=0.2296207155511073
hidden_continuous_size=27
max_epochs=500
