gradient_clip_val=0.03774455602831566
learning_rate=0.09466063877802065
hidden_size=34
attention_head_size=4
dropout=0.20975870238687871
hidden_continuous_size=16
max_epochs=500
