gradient_clip_val=0.044261346489727946
learning_rate=0.0057053427236206326
hidden_size=11
attention_head_size=2
dropout=0.19558768942257193
hidden_continuous_size=10
max_epochs=500
