gradient_clip_val=0.05084495710819687
learning_rate=0.03590534197333657
hidden_size=11
attention_head_size=3
dropout=0.2601624381246248
hidden_continuous_size=8
max_epochs=500
