gradient_clip_val=0.0234512174198747
learning_rate=0.0011064115240756525
hidden_size=25
attention_head_size=3
dropout=0.26997258240352456
hidden_continuous_size=18
max_epochs=500
