gradient_clip_val=0.14449283358853496
learning_rate=0.011763115511663244
hidden_size=62
attention_head_size=3
dropout=0.12590671833646386
hidden_continuous_size=62
max_epochs=500
