gradient_clip_val=0.15288234498680447
learning_rate=0.002138806556928186
hidden_size=22
attention_head_size=4
dropout=0.2617509108564264
hidden_continuous_size=8
max_epochs=500
