gradient_clip_val=0.056880795972122124
learning_rate=0.006941059407629724
hidden_size=22
attention_head_size=1
dropout=0.16840659111337306
hidden_continuous_size=15
max_epochs=500
