gradient_clip_val=0.15969982982659778
learning_rate=0.009418234988434032
hidden_size=40
attention_head_size=4
dropout=0.19500675955711044
hidden_continuous_size=16
max_epochs=500
