gradient_clip_val=0.16650328763115385
learning_rate=0.009248811293050937
hidden_size=71
attention_head_size=1
dropout=0.19633303241634137
hidden_continuous_size=27
max_epochs=500
