gradient_clip_val=0.17930282395682942
learning_rate=0.02026604204100815
hidden_size=85
attention_head_size=4
dropout=0.1081165968968195
hidden_continuous_size=29
max_epochs=500
