gradient_clip_val=0.4055306032853006
learning_rate=0.022303723587085364
hidden_size=10
attention_head_size=3
dropout=0.29866760456389185
hidden_continuous_size=9
max_epochs=500
