gradient_clip_val=0.03265337829735347
learning_rate=0.003371835620170671
hidden_size=21
attention_head_size=2
dropout=0.2673272340994612
hidden_continuous_size=15
max_epochs=500
