gradient_clip_val=0.09076895000281096
learning_rate=0.003617553227996981
hidden_size=9
attention_head_size=4
dropout=0.13494872479643807
hidden_continuous_size=9
max_epochs=500
