gradient_clip_val=0.01774797176608497
learning_rate=0.001046674700210613
hidden_size=23
attention_head_size=3
dropout=0.20781184127911623
hidden_continuous_size=8
max_epochs=500
