gradient_clip_val=0.20141112544871317
learning_rate=0.0025225626943397523
hidden_size=39
attention_head_size=4
dropout=0.2769894617137379
hidden_continuous_size=9
max_epochs=500
