gradient_clip_val=0.8640533085673411
learning_rate=0.013337413322815806
hidden_size=30
attention_head_size=4
dropout=0.14892053982161116
hidden_continuous_size=16
max_epochs=500
