gradient_clip_val=0.06002915263339659
learning_rate=0.03613260750565184
hidden_size=45
attention_head_size=4
dropout=0.1767067477638973
hidden_continuous_size=19
max_epochs=500
