gradient_clip_val=0.11030548798081025
learning_rate=0.006669921755174129
hidden_size=103
attention_head_size=3
dropout=0.11585986817624072
hidden_continuous_size=20
max_epochs=500
