gradient_clip_val=0.41569699147936634
learning_rate=0.0044587359605861914
hidden_size=28
attention_head_size=2
dropout=0.2576551859309091
hidden_continuous_size=16
max_epochs=500
