gradient_clip_val=0.27477379867386925
learning_rate=0.05038346092410716
hidden_size=12
attention_head_size=2
dropout=0.16896127827671067
hidden_continuous_size=11
max_epochs=500
