gradient_clip_val=0.9430875422595032
learning_rate=0.07423460534611481
hidden_size=27
attention_head_size=4
dropout=0.24791537452167525
hidden_continuous_size=14
max_epochs=500
