gradient_clip_val=0.7768243708312299
learning_rate=0.019707227934885677
hidden_size=95
attention_head_size=2
dropout=0.22983354608951562
hidden_continuous_size=28
max_epochs=500
