gradient_clip_val=0.12883472365475265
learning_rate=0.01983413740369638
hidden_size=16
attention_head_size=4
dropout=0.2938472979400813
hidden_continuous_size=12
max_epochs=500
