gradient_clip_val=0.01599464225854788
learning_rate=0.0257910135277983
hidden_size=85
attention_head_size=3
dropout=0.20505367528460888
hidden_continuous_size=39
max_epochs=500
