gradient_clip_val=0.18874194395479618
learning_rate=0.08502242052664469
hidden_size=97
attention_head_size=3
dropout=0.10435494631578475
hidden_continuous_size=81
max_epochs=500
