gradient_clip_val=0.08518419876608518
learning_rate=0.08482599000943314
hidden_size=95
attention_head_size=4
dropout=0.18836045670425544
hidden_continuous_size=8
max_epochs=500
