gradient_clip_val=0.12534227104820833
learning_rate=0.06339706608063225
hidden_size=28
attention_head_size=2
dropout=0.26659541975012724
hidden_continuous_size=10
max_epochs=500
