gradient_clip_val=0.019496899129417603
learning_rate=0.0013429656072186952
hidden_size=8
attention_head_size=2
dropout=0.14961206557472967
hidden_continuous_size=8
max_epochs=500
