gradient_clip_val=0.18365458483307112
learning_rate=0.036072080376345975
hidden_size=27
attention_head_size=4
dropout=0.14923469079177593
hidden_continuous_size=14
max_epochs=500
