gradient_clip_val=0.08115965710884887
learning_rate=0.018899913239603036
hidden_size=73
attention_head_size=3
dropout=0.21444549135498103
hidden_continuous_size=11
max_epochs=500
