gradient_clip_val=0.014598130927533037
learning_rate=0.0050106732118649945
hidden_size=78
attention_head_size=1
dropout=0.15275927183935226
hidden_continuous_size=38
max_epochs=500
