gradient_clip_val=0.17488481702039174
learning_rate=0.003859868957786003
hidden_size=100
attention_head_size=2
dropout=0.2335509679512141
hidden_continuous_size=8
max_epochs=500
