gradient_clip_val=0.20811348340656805
learning_rate=0.010867216397689632
hidden_size=26
attention_head_size=1
dropout=0.23551362994567115
hidden_continuous_size=26
max_epochs=500
