gradient_clip_val=0.032013810267068586
learning_rate=0.09329993962070011
hidden_size=15
attention_head_size=2
dropout=0.26770601165091956
hidden_continuous_size=15
max_epochs=500
