gradient_clip_val=0.18034879864284545
learning_rate=0.0013277661963513572
hidden_size=22
attention_head_size=3
dropout=0.19545340697328603
hidden_continuous_size=13
max_epochs=500
