gradient_clip_val=0.11380383929881083
learning_rate=0.044832029156401436
hidden_size=107
attention_head_size=1
dropout=0.19343079078195408
hidden_continuous_size=41
max_epochs=500
