gradient_clip_val=0.3263490582178317
learning_rate=0.09642124835815129
hidden_size=62
attention_head_size=1
dropout=0.10031300362262717
hidden_continuous_size=18
max_epochs=500
