gradient_clip_val=0.749185238891161
learning_rate=0.0013618631140287325
hidden_size=21
attention_head_size=2
dropout=0.28807294315127446
hidden_continuous_size=15
max_epochs=500
