gradient_clip_val=0.01286813927706093
learning_rate=0.04423068989607232
hidden_size=11
attention_head_size=1
dropout=0.22956951961485952
hidden_continuous_size=10
max_epochs=500
