gradient_clip_val=0.13730097971957497
learning_rate=0.0016265529669369997
hidden_size=44
attention_head_size=4
dropout=0.11373167212719237
hidden_continuous_size=38
max_epochs=500
