gradient_clip_val=0.02102929393886936
learning_rate=0.018625220087467698
hidden_size=36
attention_head_size=2
dropout=0.17964616159177066
hidden_continuous_size=14
max_epochs=500
