gradient_clip_val=0.017235831313542713
learning_rate=0.001984127816794302
hidden_size=22
attention_head_size=3
dropout=0.19962585744413053
hidden_continuous_size=10
max_epochs=500
