gradient_clip_val=0.029236970942926595
learning_rate=0.006737354540047835
hidden_size=14
attention_head_size=3
dropout=0.15382997234482929
hidden_continuous_size=9
max_epochs=500
