gradient_clip_val=0.01135147217324258
learning_rate=0.001981496342359317
hidden_size=10
attention_head_size=4
dropout=0.2416195639126041
hidden_continuous_size=8
max_epochs=500
