gradient_clip_val=0.5835268731358517
learning_rate=0.09729531664121277
hidden_size=58
attention_head_size=3
dropout=0.2625258822358274
hidden_continuous_size=20
max_epochs=500
