gradient_clip_val=0.25790281868179915
learning_rate=0.05007778799203588
hidden_size=51
attention_head_size=1
dropout=0.10866775725504668
hidden_continuous_size=8
max_epochs=500
