gradient_clip_val=0.9139228201111895
learning_rate=0.002265964358262255
hidden_size=32
attention_head_size=3
dropout=0.28872713293116115
hidden_continuous_size=9
max_epochs=500
