gradient_clip_val=0.018331686348811403
learning_rate=0.001435159123672983
hidden_size=8
attention_head_size=1
dropout=0.2245594009142836
hidden_continuous_size=8
max_epochs=500
