gradient_clip_val=0.18290651251910992
learning_rate=0.020169569347064646
hidden_size=14
attention_head_size=1
dropout=0.22299619381903052
hidden_continuous_size=13
max_epochs=500
