gradient_clip_val=0.011931378553135846
learning_rate=0.07039730789722261
hidden_size=11
attention_head_size=2
dropout=0.2219982126849639
hidden_continuous_size=11
max_epochs=500
