gradient_clip_val=0.016488523958681525
learning_rate=0.004155728986973633
hidden_size=34
attention_head_size=3
dropout=0.16390030423252064
hidden_continuous_size=17
max_epochs=500
