gradient_clip_val=0.21782380167715815
learning_rate=0.0312201009112956
hidden_size=11
attention_head_size=1
dropout=0.22258181797064924
hidden_continuous_size=11
max_epochs=500
