gradient_clip_val=0.012448255289809114
learning_rate=0.08944118524968696
hidden_size=12
attention_head_size=4
dropout=0.13304692010010194
hidden_continuous_size=12
max_epochs=500
