gradient_clip_val=0.3168868596261607
learning_rate=0.002622401604207799
hidden_size=22
attention_head_size=4
dropout=0.17948001981001874
hidden_continuous_size=21
max_epochs=500
