gradient_clip_val=0.8886266157492216
learning_rate=0.0481064619267924
hidden_size=30
attention_head_size=1
dropout=0.18309442248145386
hidden_continuous_size=24
max_epochs=500
