gradient_clip_val=0.20720095871686908
learning_rate=0.007674087377499627
hidden_size=9
attention_head_size=4
dropout=0.22134775744087073
hidden_continuous_size=8
max_epochs=500
