gradient_clip_val=0.07574518933937828
learning_rate=0.018650881271590546
hidden_size=87
attention_head_size=3
dropout=0.2644402927298677
hidden_continuous_size=32
max_epochs=500
