gradient_clip_val=0.10593293322928875
learning_rate=0.015970928991603902
hidden_size=12
attention_head_size=1
dropout=0.15514519186533102
hidden_continuous_size=11
max_epochs=500
