gradient_clip_val=0.07310836836881775
learning_rate=0.0051227277745028435
hidden_size=28
attention_head_size=4
dropout=0.11392941959888606
hidden_continuous_size=12
max_epochs=500
