gradient_clip_val=0.9466333843170016
learning_rate=0.001292928964468472
hidden_size=34
attention_head_size=2
dropout=0.10059089769826252
hidden_continuous_size=8
max_epochs=500
