gradient_clip_val=0.5389488056274941
learning_rate=0.0011412268017351815
hidden_size=14
attention_head_size=2
dropout=0.2267832187742238
hidden_continuous_size=13
max_epochs=500
