gradient_clip_val=0.12059877559217301
learning_rate=0.06445145374880192
hidden_size=76
attention_head_size=4
dropout=0.15557176135833756
hidden_continuous_size=18
max_epochs=500
