gradient_clip_val=0.012115461670086062
learning_rate=0.01718081166062569
hidden_size=10
attention_head_size=3
dropout=0.29026334904829343
hidden_continuous_size=8
max_epochs=500
