gradient_clip_val=0.3166265208569175
learning_rate=0.002101296267615139
hidden_size=13
attention_head_size=4
dropout=0.28775446666629473
hidden_continuous_size=12
max_epochs=500
