gradient_clip_val=0.10857814039501733
learning_rate=0.0750195250752424
hidden_size=11
attention_head_size=1
dropout=0.1304865980434723
hidden_continuous_size=8
max_epochs=500
