gradient_clip_val=0.06669239536595628
learning_rate=0.037408291498445455
hidden_size=70
attention_head_size=4
dropout=0.2993992249396097
hidden_continuous_size=44
max_epochs=500
