gradient_clip_val=0.07728778262161519
learning_rate=0.002614169996483975
hidden_size=88
attention_head_size=3
dropout=0.18974983753644425
hidden_continuous_size=74
max_epochs=500
