gradient_clip_val=0.10439940282470433
learning_rate=0.008209189652972956
hidden_size=16
attention_head_size=3
dropout=0.23606989334553194
hidden_continuous_size=14
max_epochs=500
