gradient_clip_val=0.2609494294684469
learning_rate=0.0014139780794987886
hidden_size=10
attention_head_size=2
dropout=0.16355193204135016
hidden_continuous_size=8
max_epochs=500
