gradient_clip_val=0.07228077148673429
learning_rate=0.0024770225074186207
hidden_size=17
attention_head_size=1
dropout=0.10095159283726612
hidden_continuous_size=9
max_epochs=500
