gradient_clip_val=0.552393522315999
learning_rate=0.001905855617897793
hidden_size=49
attention_head_size=2
dropout=0.2740959037718825
hidden_continuous_size=11
max_epochs=500
