gradient_clip_val=0.018079120154291556
learning_rate=0.0012119080197853995
hidden_size=40
attention_head_size=4
dropout=0.25947377878143774
hidden_continuous_size=16
max_epochs=500
