gradient_clip_val=0.27825580899105073
learning_rate=0.09341388826143736
hidden_size=18
attention_head_size=3
dropout=0.1847676105792687
hidden_continuous_size=11
max_epochs=500
