gradient_clip_val=0.06684121995291299
learning_rate=0.001487976913056785
hidden_size=36
attention_head_size=2
dropout=0.2174001471213226
hidden_continuous_size=10
max_epochs=500
