gradient_clip_val=0.5109204859617177
learning_rate=0.003503217157938565
hidden_size=20
attention_head_size=4
dropout=0.18170483844090884
hidden_continuous_size=13
max_epochs=500
