gradient_clip_val=0.07148012012627103
learning_rate=0.004964160799103888
hidden_size=29
attention_head_size=2
dropout=0.1853255149629361
hidden_continuous_size=9
max_epochs=500
