gradient_clip_val=0.30928678871808263
learning_rate=0.0012704635574869543
hidden_size=59
attention_head_size=3
dropout=0.1510495123254426
hidden_continuous_size=23
max_epochs=500
