gradient_clip_val=0.011711006623611457
learning_rate=0.07423642371806778
hidden_size=10
attention_head_size=4
dropout=0.2906734487575793
hidden_continuous_size=9
max_epochs=500
