gradient_clip_val=0.02053470751573321
learning_rate=0.0702365370832514
hidden_size=116
attention_head_size=3
dropout=0.10644272746920116
hidden_continuous_size=56
max_epochs=500
