gradient_clip_val=0.3993461677338989
learning_rate=0.0956263837617508
hidden_size=13
attention_head_size=4
dropout=0.2499055437093369
hidden_continuous_size=13
max_epochs=500
