gradient_clip_val=0.010908573748553755
learning_rate=0.008697639745800822
hidden_size=8
attention_head_size=4
dropout=0.29240194273748177
hidden_continuous_size=8
max_epochs=500
