gradient_clip_val=0.24117697680113506
learning_rate=0.0038822401284443224
hidden_size=20
attention_head_size=2
dropout=0.29922502059920825
hidden_continuous_size=12
max_epochs=500
