gradient_clip_val=0.17415270380578257
learning_rate=0.015207309971888587
hidden_size=11
attention_head_size=3
dropout=0.15080262552430065
hidden_continuous_size=10
max_epochs=500
