gradient_clip_val=0.7039758511414617
learning_rate=0.0036459089702263843
hidden_size=24
attention_head_size=4
dropout=0.13995401957256054
hidden_continuous_size=22
max_epochs=500
