gradient_clip_val=0.12988480500767488
learning_rate=0.08843292389673857
hidden_size=70
attention_head_size=3
dropout=0.23943340595432935
hidden_continuous_size=36
max_epochs=500
