gradient_clip_val=0.05898796568362738
learning_rate=0.01584914029054794
hidden_size=76
attention_head_size=2
dropout=0.1419571515050434
hidden_continuous_size=14
max_epochs=500
