gradient_clip_val=0.029132655485220742
learning_rate=0.009022301493104238
hidden_size=111
attention_head_size=2
dropout=0.13366977039516684
hidden_continuous_size=13
max_epochs=500
