gradient_clip_val=0.8098379412000851
learning_rate=0.05643007270739601
hidden_size=8
attention_head_size=2
dropout=0.2515317159099349
hidden_continuous_size=8
max_epochs=500
