gradient_clip_val=0.020793662569158457
learning_rate=0.018931802874005203
hidden_size=40
attention_head_size=1
dropout=0.23518447683462365
hidden_continuous_size=25
max_epochs=500
