gradient_clip_val=0.8758245026596899
learning_rate=0.0035275472068611647
hidden_size=38
attention_head_size=4
dropout=0.11933115523112742
hidden_continuous_size=16
max_epochs=500
