gradient_clip_val=0.2118908559570175
learning_rate=0.005268797932585447
hidden_size=96
attention_head_size=1
dropout=0.22590746092835756
hidden_continuous_size=19
max_epochs=500
