gradient_clip_val=0.8641119341569365
learning_rate=0.05635742989035494
hidden_size=60
attention_head_size=4
dropout=0.11844585010469838
hidden_continuous_size=10
max_epochs=500
