gradient_clip_val=0.012550029348652377
learning_rate=0.09648046047925803
hidden_size=25
attention_head_size=2
dropout=0.1301238221052412
hidden_continuous_size=13
max_epochs=500
