gradient_clip_val=0.3751750991997972
learning_rate=0.0010996577783805525
hidden_size=61
attention_head_size=4
dropout=0.11078498047589334
hidden_continuous_size=16
max_epochs=500
