gradient_clip_val=0.08362214350490473
learning_rate=0.09157470982596308
hidden_size=47
attention_head_size=1
dropout=0.21778646758490994
hidden_continuous_size=39
max_epochs=500
