gradient_clip_val=0.06074733153305511
learning_rate=0.047957453379042315
hidden_size=8
attention_head_size=4
dropout=0.22236736709503757
hidden_continuous_size=8
max_epochs=500
