gradient_clip_val=0.9942379379808132
learning_rate=0.008703536799026293
hidden_size=13
attention_head_size=2
dropout=0.1441756062796238
hidden_continuous_size=8
max_epochs=500
