gradient_clip_val=0.014558618097133186
learning_rate=0.07820643901589022
hidden_size=9
attention_head_size=1
dropout=0.23089446336893105
hidden_continuous_size=9
max_epochs=500
