gradient_clip_val=0.2430881432759118
learning_rate=0.002111519158927475
hidden_size=28
attention_head_size=4
dropout=0.12200687666796009
hidden_continuous_size=14
max_epochs=500
