gradient_clip_val=0.5357005815627033
learning_rate=0.00204119218077368
hidden_size=87
attention_head_size=2
dropout=0.21465443888849706
hidden_continuous_size=12
max_epochs=500
