gradient_clip_val=0.04867884093755677
learning_rate=0.0013133632600391839
hidden_size=20
attention_head_size=2
dropout=0.272749262475384
hidden_continuous_size=10
max_epochs=500
