gradient_clip_val=0.045728746364943035
learning_rate=0.0015514773836175697
hidden_size=9
attention_head_size=4
dropout=0.24085188283192763
hidden_continuous_size=8
max_epochs=500
