gradient_clip_val=0.13386917335506698
learning_rate=0.05704738619645956
hidden_size=9
attention_head_size=2
dropout=0.17581610071109394
hidden_continuous_size=8
max_epochs=500
