gradient_clip_val=0.25901425350735563
learning_rate=0.07180884890117095
hidden_size=100
attention_head_size=3
dropout=0.12057703367678792
hidden_continuous_size=15
max_epochs=500
