gradient_clip_val=0.04388303460114146
learning_rate=0.06831345785739278
hidden_size=37
attention_head_size=3
dropout=0.17903620565201
hidden_continuous_size=13
max_epochs=500
