gradient_clip_val=0.02171645135117311
learning_rate=0.053937431555291765
hidden_size=60
attention_head_size=1
dropout=0.16757809952252253
hidden_continuous_size=17
max_epochs=500
