gradient_clip_val=0.36755032307120267
learning_rate=0.012777683156472413
hidden_size=121
attention_head_size=4
dropout=0.24725006704400662
hidden_continuous_size=8
max_epochs=500
