gradient_clip_val=0.34668497375772933
learning_rate=0.01562951198829561
hidden_size=10
attention_head_size=3
dropout=0.2379876907363855
hidden_continuous_size=9
max_epochs=500
