gradient_clip_val=0.2498527078858486
learning_rate=0.002533616469838862
hidden_size=111
attention_head_size=4
dropout=0.17281733541005564
hidden_continuous_size=12
max_epochs=500
