gradient_clip_val=0.023704566819012802
learning_rate=0.036661878076552544
hidden_size=23
attention_head_size=2
dropout=0.2462248860552788
hidden_continuous_size=17
max_epochs=500
