gradient_clip_val=0.7092188291599321
learning_rate=0.07662605567762168
hidden_size=35
attention_head_size=1
dropout=0.18483735185356154
hidden_continuous_size=26
max_epochs=500
