gradient_clip_val=0.0437213072597185
learning_rate=0.060176227072570046
hidden_size=44
attention_head_size=2
dropout=0.19766890950792404
hidden_continuous_size=35
max_epochs=500
