gradient_clip_val=0.016079373472259646
learning_rate=0.017885249964300624
hidden_size=25
attention_head_size=3
dropout=0.17301271203640176
hidden_continuous_size=9
max_epochs=500
