gradient_clip_val=0.0242492450396179
learning_rate=0.0014356757469772877
hidden_size=23
attention_head_size=4
dropout=0.20195068780651954
hidden_continuous_size=11
max_epochs=500
