gradient_clip_val=0.11213938151361956
learning_rate=0.004076560444530193
hidden_size=40
attention_head_size=2
dropout=0.2767183157455688
hidden_continuous_size=16
max_epochs=500
