gradient_clip_val=0.16807571189727033
learning_rate=0.01815257865016847
hidden_size=24
attention_head_size=1
dropout=0.13682999122303605
hidden_continuous_size=17
max_epochs=500
