gradient_clip_val=0.944852395024952
learning_rate=0.04918712137740876
hidden_size=18
attention_head_size=2
dropout=0.19743850521946738
hidden_continuous_size=13
max_epochs=500
