gradient_clip_val=0.586026284973186
learning_rate=0.006537580328917544
hidden_size=22
attention_head_size=2
dropout=0.2623513067440033
hidden_continuous_size=12
max_epochs=500
