gradient_clip_val=0.04416602222188384
learning_rate=0.07002654848821176
hidden_size=13
attention_head_size=1
dropout=0.22505944776903078
hidden_continuous_size=12
max_epochs=500
