gradient_clip_val=0.07395967600117766
learning_rate=0.023323996767008078
hidden_size=26
attention_head_size=4
dropout=0.20198842322254273
hidden_continuous_size=12
max_epochs=500
