gradient_clip_val=0.12810109459005592
learning_rate=0.08999865408733855
hidden_size=20
attention_head_size=1
dropout=0.15356780757212107
hidden_continuous_size=9
max_epochs=500
