gradient_clip_val=0.017969191643051344
learning_rate=0.002299731494552758
hidden_size=122
attention_head_size=4
dropout=0.16554253426343915
hidden_continuous_size=49
max_epochs=500
