gradient_clip_val=0.012512517760782542
learning_rate=0.030919282220882
hidden_size=28
attention_head_size=3
dropout=0.2575523304337047
hidden_continuous_size=13
max_epochs=500
