gradient_clip_val=0.8197634549405232
learning_rate=0.020716812372875773
hidden_size=30
attention_head_size=3
dropout=0.20398562437668122
hidden_continuous_size=8
max_epochs=500
