gradient_clip_val=0.6317838646714334
learning_rate=0.0012461182181822614
hidden_size=49
attention_head_size=2
dropout=0.19296649979188302
hidden_continuous_size=8
max_epochs=500
