gradient_clip_val=0.17161217080571955
learning_rate=0.008499283287899072
hidden_size=8
attention_head_size=1
dropout=0.18963389889669574
hidden_continuous_size=8
max_epochs=500
