gradient_clip_val=0.11256395352784507
learning_rate=0.003368982800311344
hidden_size=12
attention_head_size=2
dropout=0.1406056469898721
hidden_continuous_size=8
max_epochs=500
