gradient_clip_val=0.0606925432206334
learning_rate=0.005776487461545357
hidden_size=55
attention_head_size=2
dropout=0.19653511525539155
hidden_continuous_size=8
max_epochs=500
