gradient_clip_val=0.01013069232183568
learning_rate=0.0015221263479380002
hidden_size=27
attention_head_size=4
dropout=0.2767998529905238
hidden_continuous_size=15
max_epochs=500
