gradient_clip_val=0.9630398991155213
learning_rate=0.0012173721199211
hidden_size=12
attention_head_size=1
dropout=0.17426277596343384
hidden_continuous_size=11
max_epochs=500
