gradient_clip_val=0.8257138145975442
learning_rate=0.0038513049278682443
hidden_size=12
attention_head_size=2
dropout=0.12705900552843757
hidden_continuous_size=8
max_epochs=500
