gradient_clip_val=0.07952634074801344
learning_rate=0.005718517574659373
hidden_size=9
attention_head_size=4
dropout=0.18096023676725329
hidden_continuous_size=9
max_epochs=500
