gradient_clip_val=0.12840838327080634
learning_rate=0.0037608652041333343
hidden_size=10
attention_head_size=4
dropout=0.1228224630501146
hidden_continuous_size=8
max_epochs=500
