gradient_clip_val=0.02741475622531109
learning_rate=0.008046409037266226
hidden_size=119
attention_head_size=4
dropout=0.25857479848641424
hidden_continuous_size=13
max_epochs=500
