gradient_clip_val=0.1586360539583391
learning_rate=0.04371108143747408
hidden_size=40
attention_head_size=3
dropout=0.28430069365876187
hidden_continuous_size=12
max_epochs=500
