gradient_clip_val=0.18892884658014208
learning_rate=0.0023324096597565082
hidden_size=38
attention_head_size=4
dropout=0.1374928896169608
hidden_continuous_size=17
max_epochs=500
