gradient_clip_val=0.016300570359752947
learning_rate=0.050617757377215696
hidden_size=10
attention_head_size=1
dropout=0.27593014071282784
hidden_continuous_size=9
max_epochs=500
