gradient_clip_val=0.01002137242738967
learning_rate=0.0037050939317562225
hidden_size=33
attention_head_size=4
dropout=0.16930594582295638
hidden_continuous_size=13
max_epochs=500
