gradient_clip_val=0.035505245921419
learning_rate=0.004977646003681867
hidden_size=12
attention_head_size=3
dropout=0.14230869894646697
hidden_continuous_size=11
max_epochs=500
