gradient_clip_val=0.061536287095956994
learning_rate=0.0061836907117621374
hidden_size=77
attention_head_size=3
dropout=0.181925995276502
hidden_continuous_size=27
max_epochs=500
