gradient_clip_val=0.012295921336604699
learning_rate=0.04010184703137775
hidden_size=32
attention_head_size=4
dropout=0.20150310100688892
hidden_continuous_size=12
max_epochs=500
