gradient_clip_val=0.05510100568461116
learning_rate=0.05785182513861022
hidden_size=86
attention_head_size=1
dropout=0.2356272887203231
hidden_continuous_size=20
max_epochs=500
