gradient_clip_val=0.024696732090894687
learning_rate=0.010156089438235837
hidden_size=53
attention_head_size=1
dropout=0.26602588204417615
hidden_continuous_size=34
max_epochs=500
