gradient_clip_val=0.0133603616102667
learning_rate=0.0031072413600635816
hidden_size=11
attention_head_size=3
dropout=0.15841932962042454
hidden_continuous_size=9
max_epochs=500
