gradient_clip_val=0.014031525524018928
learning_rate=0.016476514404233547
hidden_size=49
attention_head_size=3
dropout=0.22178147897991907
hidden_continuous_size=44
max_epochs=500
