gradient_clip_val=0.281487948003503
learning_rate=0.001794118571650024
hidden_size=23
attention_head_size=1
dropout=0.19710453020438712
hidden_continuous_size=13
max_epochs=500
