gradient_clip_val=0.20604671470366617
learning_rate=0.0010455154632531124
hidden_size=42
attention_head_size=3
dropout=0.26405965445852886
hidden_continuous_size=41
max_epochs=500
