gradient_clip_val=0.463579572352609
learning_rate=0.09409721706910525
hidden_size=83
attention_head_size=4
dropout=0.14492947570315734
hidden_continuous_size=25
max_epochs=500
