gradient_clip_val=0.9727600501581157
learning_rate=0.07381164274625214
hidden_size=11
attention_head_size=4
dropout=0.206536446614181
hidden_continuous_size=8
max_epochs=500
