gradient_clip_val=0.10087546031774025
learning_rate=0.0010752098295713894
hidden_size=27
attention_head_size=2
dropout=0.21933007111957623
hidden_continuous_size=10
max_epochs=500
