gradient_clip_val=0.4088963028611695
learning_rate=0.0015324069985605138
hidden_size=12
attention_head_size=3
dropout=0.1427705754060176
hidden_continuous_size=11
max_epochs=500
