gradient_clip_val=0.2444062775583015
learning_rate=0.004923683210521758
hidden_size=40
attention_head_size=2
dropout=0.134886735910886
hidden_continuous_size=33
max_epochs=500
