gradient_clip_val=0.019822280747827492
learning_rate=0.0026927539130925976
hidden_size=15
attention_head_size=3
dropout=0.26308037477301716
hidden_continuous_size=12
max_epochs=500
