gradient_clip_val=0.06600809129617825
learning_rate=0.00918584717644919
hidden_size=28
attention_head_size=2
dropout=0.29651463108976794
hidden_continuous_size=22
max_epochs=500
