gradient_clip_val=0.4439182635563984
learning_rate=0.007861000836866307
hidden_size=12
attention_head_size=1
dropout=0.2805764248645419
hidden_continuous_size=9
max_epochs=500
