gradient_clip_val=0.1558453416964281
learning_rate=0.08883557553817595
hidden_size=12
attention_head_size=2
dropout=0.2870103099090199
hidden_continuous_size=12
max_epochs=500
