gradient_clip_val=0.016428005228918
learning_rate=0.004269495958362337
hidden_size=16
attention_head_size=4
dropout=0.13288507931647103
hidden_continuous_size=8
max_epochs=500
