gradient_clip_val=0.03018570253771751
learning_rate=0.01025983076770572
hidden_size=17
attention_head_size=1
dropout=0.2527684805998931
hidden_continuous_size=13
max_epochs=500
