gradient_clip_val=0.4207408339797376
learning_rate=0.001399722688827354
hidden_size=25
attention_head_size=3
dropout=0.11452228819095951
hidden_continuous_size=13
max_epochs=500
