gradient_clip_val=0.01613246871067427
learning_rate=0.03609697421145337
hidden_size=12
attention_head_size=4
dropout=0.23889654706767147
hidden_continuous_size=9
max_epochs=500
