gradient_clip_val=0.051029587231195044
learning_rate=0.0013018275215646018
hidden_size=37
attention_head_size=1
dropout=0.28808596901850647
hidden_continuous_size=8
max_epochs=500
