gradient_clip_val=0.0510172161875229
learning_rate=0.003190391881943147
hidden_size=58
attention_head_size=4
dropout=0.25221608301973264
hidden_continuous_size=47
max_epochs=500
