gradient_clip_val=0.8054610833562478
learning_rate=0.003465098367091016
hidden_size=49
attention_head_size=1
dropout=0.28900686450963986
hidden_continuous_size=32
max_epochs=500
