gradient_clip_val=0.44138632112808346
learning_rate=0.0014936871845395248
hidden_size=111
attention_head_size=1
dropout=0.18402953851223597
hidden_continuous_size=80
max_epochs=500
