gradient_clip_val=0.6149097460729201
learning_rate=0.005241905786956483
hidden_size=56
attention_head_size=3
dropout=0.14873665436156935
hidden_continuous_size=21
max_epochs=500
