gradient_clip_val=0.05730738708645519
learning_rate=0.06386159217182469
hidden_size=58
attention_head_size=4
dropout=0.19882455760936824
hidden_continuous_size=11
max_epochs=500
