gradient_clip_val=0.16240098417692578
learning_rate=0.05181369054400916
hidden_size=8
attention_head_size=2
dropout=0.25927846612423666
hidden_continuous_size=8
max_epochs=500
