gradient_clip_val=0.0822340359030232
learning_rate=0.009923095416308172
hidden_size=9
attention_head_size=1
dropout=0.1016140068108427
hidden_continuous_size=9
max_epochs=500
