gradient_clip_val=0.01949972236863337
learning_rate=0.004305553270731665
hidden_size=124
attention_head_size=3
dropout=0.1837736094885843
hidden_continuous_size=33
max_epochs=500
