gradient_clip_val=0.03695215631754405
learning_rate=0.07818421796730739
hidden_size=86
attention_head_size=2
dropout=0.1748017932205742
hidden_continuous_size=10
max_epochs=500
