gradient_clip_val=0.0855913059645903
learning_rate=0.07495432952172566
hidden_size=93
attention_head_size=1
dropout=0.24397357092554736
hidden_continuous_size=21
max_epochs=500
