gradient_clip_val=0.07830517529391214
learning_rate=0.019094039026194796
hidden_size=20
attention_head_size=1
dropout=0.23379877210873726
hidden_continuous_size=13
max_epochs=500
