gradient_clip_val=0.06627839647948558
learning_rate=0.0019048518132954353
hidden_size=10
attention_head_size=2
dropout=0.1460124385722813
hidden_continuous_size=10
max_epochs=500
