gradient_clip_val=0.0677692721976674
learning_rate=0.07247312801979598
hidden_size=8
attention_head_size=3
dropout=0.1981111694723493
hidden_continuous_size=8
max_epochs=500
