gradient_clip_val=0.4800829314914227
learning_rate=0.002645939556937163
hidden_size=30
attention_head_size=2
dropout=0.16271427747544773
hidden_continuous_size=9
max_epochs=500
