gradient_clip_val=0.014024537024947496
learning_rate=0.05858926632349629
hidden_size=97
attention_head_size=1
dropout=0.13506752804876296
hidden_continuous_size=33
max_epochs=500
