gradient_clip_val=0.23787493729541212
learning_rate=0.0036137790012402936
hidden_size=73
attention_head_size=2
dropout=0.12151468088288436
hidden_continuous_size=49
max_epochs=500
