gradient_clip_val=0.07673346116668625
learning_rate=0.002769197797321156
hidden_size=10
attention_head_size=3
dropout=0.22232611029394167
hidden_continuous_size=9
max_epochs=500
