gradient_clip_val=0.38247434215761755
learning_rate=0.0029700694374820767
hidden_size=58
attention_head_size=2
dropout=0.25814376772058223
hidden_continuous_size=17
max_epochs=500
