gradient_clip_val=0.45831674801174976
learning_rate=0.0024297116980465895
hidden_size=11
attention_head_size=4
dropout=0.22060347899927035
hidden_continuous_size=8
max_epochs=500
