gradient_clip_val=0.151492083143723
learning_rate=0.04085932466581051
hidden_size=18
attention_head_size=4
dropout=0.14586154396306675
hidden_continuous_size=15
max_epochs=500
