gradient_clip_val=0.27983372177983473
learning_rate=0.003002708635095309
hidden_size=41
attention_head_size=2
dropout=0.12237612798648519
hidden_continuous_size=13
max_epochs=500
