gradient_clip_val=0.8372584927649507
learning_rate=0.002031930376696063
hidden_size=17
attention_head_size=1
dropout=0.11428376659186973
hidden_continuous_size=12
max_epochs=500
