gradient_clip_val=0.010597520212846975
learning_rate=0.002205837060829405
hidden_size=83
attention_head_size=3
dropout=0.19736135359956108
hidden_continuous_size=21
max_epochs=500
