gradient_clip_val=0.126099106109513
learning_rate=0.030636444243016255
hidden_size=17
attention_head_size=1
dropout=0.2865554130207284
hidden_continuous_size=9
max_epochs=500
