gradient_clip_val=0.08085840648011346
learning_rate=0.022859505097909523
hidden_size=18
attention_head_size=4
dropout=0.1811977715256767
hidden_continuous_size=10
max_epochs=500
