gradient_clip_val=0.03259278010074677
learning_rate=0.08355646771738147
hidden_size=13
attention_head_size=3
dropout=0.1799041167583116
hidden_continuous_size=8
max_epochs=500
