gradient_clip_val=0.7727769860043022
learning_rate=0.02071601316425513
hidden_size=18
attention_head_size=2
dropout=0.16300435803643124
hidden_continuous_size=17
max_epochs=500
