gradient_clip_val=0.10539297186532309
learning_rate=0.07386171346231435
hidden_size=22
attention_head_size=1
dropout=0.1328686791876705
hidden_continuous_size=9
max_epochs=500
