gradient_clip_val=0.022171200376063998
learning_rate=0.010099181207926187
hidden_size=37
attention_head_size=1
dropout=0.14580040886148468
hidden_continuous_size=15
max_epochs=500
