gradient_clip_val=0.6630031404022374
learning_rate=0.0808850864612422
hidden_size=11
attention_head_size=1
dropout=0.21123065541401143
hidden_continuous_size=8
max_epochs=500
