gradient_clip_val=0.19428243921378133
learning_rate=0.05884115420171392
hidden_size=25
attention_head_size=2
dropout=0.2768573818394205
hidden_continuous_size=19
max_epochs=500
