gradient_clip_val=0.13175562683587033
learning_rate=0.003268724789322901
hidden_size=12
attention_head_size=2
dropout=0.185311615837983
hidden_continuous_size=9
max_epochs=500
