gradient_clip_val=0.8219268086374575
learning_rate=0.014926428316684722
hidden_size=97
attention_head_size=3
dropout=0.2188332725123473
hidden_continuous_size=10
max_epochs=500
