gradient_clip_val=0.02144435381643406
learning_rate=0.005527349332896138
hidden_size=46
attention_head_size=4
dropout=0.22430655560700297
hidden_continuous_size=17
max_epochs=500
