gradient_clip_val=0.03265087946795996
learning_rate=0.04368212848259017
hidden_size=15
attention_head_size=4
dropout=0.285448855354094
hidden_continuous_size=15
max_epochs=500
