gradient_clip_val=0.20252166981761674
learning_rate=0.022591644903893534
hidden_size=10
attention_head_size=3
dropout=0.20625416492934023
hidden_continuous_size=9
max_epochs=500
