gradient_clip_val=0.14033732148223987
learning_rate=0.011423604129326958
hidden_size=56
attention_head_size=4
dropout=0.14765995004565927
hidden_continuous_size=16
max_epochs=500
