gradient_clip_val=0.08568470647501265
learning_rate=0.016956017793276497
hidden_size=68
attention_head_size=1
dropout=0.1710015964770135
hidden_continuous_size=11
max_epochs=500
