gradient_clip_val=0.20409280784747952
learning_rate=0.0015107828602118746
hidden_size=26
attention_head_size=4
dropout=0.2663196147038813
hidden_continuous_size=15
max_epochs=500
