gradient_clip_val=0.1845559423532929
learning_rate=0.0038004900863085485
hidden_size=107
attention_head_size=3
dropout=0.20641239840377387
hidden_continuous_size=25
max_epochs=500
