gradient_clip_val=0.011103165372500196
learning_rate=0.08756992293302776
hidden_size=14
attention_head_size=2
dropout=0.17227213001669722
hidden_continuous_size=9
max_epochs=500
