gradient_clip_val=0.5889821124450884
learning_rate=0.0032850240991436166
hidden_size=89
attention_head_size=4
dropout=0.17187822867645647
hidden_continuous_size=79
max_epochs=500
