gradient_clip_val=0.17188087291912482
learning_rate=0.0014408952454719078
hidden_size=10
attention_head_size=4
dropout=0.25885747829965733
hidden_continuous_size=10
max_epochs=500
