gradient_clip_val=0.10378351321029738
learning_rate=0.0012280664311780046
hidden_size=81
attention_head_size=1
dropout=0.2577203022636375
hidden_continuous_size=27
max_epochs=500
