gradient_clip_val=0.2876377032567942
learning_rate=0.0014772045838711537
hidden_size=21
attention_head_size=2
dropout=0.2507522666534261
hidden_continuous_size=11
max_epochs=500
