gradient_clip_val=0.2322236363840491
learning_rate=0.006417932381104742
hidden_size=32
attention_head_size=4
dropout=0.22392610111258976
hidden_continuous_size=32
max_epochs=500
