gradient_clip_val=0.16082908979166918
learning_rate=0.0036496457088079316
hidden_size=8
attention_head_size=3
dropout=0.29675429591479485
hidden_continuous_size=8
max_epochs=500
