gradient_clip_val=0.3727009647839626
learning_rate=0.0012637335904818311
hidden_size=21
attention_head_size=4
dropout=0.19101033313676835
hidden_continuous_size=13
max_epochs=500
