gradient_clip_val=0.017551109941895036
learning_rate=0.0015343757733070086
hidden_size=24
attention_head_size=4
dropout=0.19970575339245206
hidden_continuous_size=9
max_epochs=500
