gradient_clip_val=0.6496575952432333
learning_rate=0.06635505908212166
hidden_size=19
attention_head_size=3
dropout=0.2731814748960353
hidden_continuous_size=10
max_epochs=500
