gradient_clip_val=0.10674116431903342
learning_rate=0.008066153084148065
hidden_size=18
attention_head_size=1
dropout=0.10895374941387326
hidden_continuous_size=16
max_epochs=500
