gradient_clip_val=0.0795552246393117
learning_rate=0.010324914120530474
hidden_size=18
attention_head_size=3
dropout=0.16431915716715526
hidden_continuous_size=10
max_epochs=500
