gradient_clip_val=0.03406425599043929
learning_rate=0.004679066489241587
hidden_size=67
attention_head_size=1
dropout=0.2525639272258897
hidden_continuous_size=48
max_epochs=500
