gradient_clip_val=0.24887013484929743
learning_rate=0.02229075456583076
hidden_size=19
attention_head_size=2
dropout=0.2145529522033855
hidden_continuous_size=10
max_epochs=500
