gradient_clip_val=0.013748643439271294
learning_rate=0.00936611314252712
hidden_size=89
attention_head_size=1
dropout=0.2650543415066506
hidden_continuous_size=21
max_epochs=500
