gradient_clip_val=0.037865445165965315
learning_rate=0.028957116029485384
hidden_size=16
attention_head_size=4
dropout=0.20090246866202466
hidden_continuous_size=9
max_epochs=500
