gradient_clip_val=0.05703306121842129
learning_rate=0.03911088354931813
hidden_size=20
attention_head_size=1
dropout=0.19565416799507146
hidden_continuous_size=14
max_epochs=500
