gradient_clip_val=0.4801300940220556
learning_rate=0.002345846170941513
hidden_size=74
attention_head_size=3
dropout=0.11552101529232493
hidden_continuous_size=9
max_epochs=500
