gradient_clip_val=0.056745239632261475
learning_rate=0.004120800350471581
hidden_size=8
attention_head_size=2
dropout=0.104256502371547
hidden_continuous_size=8
max_epochs=500
