gradient_clip_val=0.03141172794461956
learning_rate=0.02232963024746256
hidden_size=9
attention_head_size=3
dropout=0.14134761829971204
hidden_continuous_size=8
max_epochs=500
