gradient_clip_val=0.010684212475791915
learning_rate=0.014136462873693204
hidden_size=55
attention_head_size=1
dropout=0.1281778039764127
hidden_continuous_size=29
max_epochs=500
