gradient_clip_val=0.917871566282423
learning_rate=0.041311060611035996
hidden_size=17
attention_head_size=2
dropout=0.1743703300673877
hidden_continuous_size=11
max_epochs=500
