gradient_clip_val=0.013309608029398597
learning_rate=0.007245124733759727
hidden_size=80
attention_head_size=3
dropout=0.22393722702146351
hidden_continuous_size=71
max_epochs=500
