gradient_clip_val=0.17046394873187648
learning_rate=0.025867740285144027
hidden_size=77
attention_head_size=2
dropout=0.12723324242083894
hidden_continuous_size=52
max_epochs=500
