gradient_clip_val=0.02879652566256097
learning_rate=0.05143573356679851
hidden_size=105
attention_head_size=3
dropout=0.2239539069276106
hidden_continuous_size=12
max_epochs=500
