gradient_clip_val=0.4370070209323304
learning_rate=0.04914173289305853
hidden_size=117
attention_head_size=4
dropout=0.16952380617575538
hidden_continuous_size=67
max_epochs=500
