gradient_clip_val=0.06000572331554169
learning_rate=0.0017505342046706212
hidden_size=9
attention_head_size=1
dropout=0.175653800731852
hidden_continuous_size=9
max_epochs=500
