gradient_clip_val=0.055610035874754354
learning_rate=0.004420249143651371
hidden_size=49
attention_head_size=4
dropout=0.15990868534233613
hidden_continuous_size=8
max_epochs=500
