gradient_clip_val=0.9202259514630431
learning_rate=0.0015660700642371591
hidden_size=50
attention_head_size=3
dropout=0.2387755850441856
hidden_continuous_size=19
max_epochs=500
