gradient_clip_val=0.10562604621350646
learning_rate=0.011461831979347734
hidden_size=10
attention_head_size=2
dropout=0.2104491497291287
hidden_continuous_size=8
max_epochs=500
