gradient_clip_val=0.01614214748135427
learning_rate=0.0014951494970265793
hidden_size=25
attention_head_size=4
dropout=0.23247462997608137
hidden_continuous_size=22
max_epochs=500
