gradient_clip_val=0.09054735719572798
learning_rate=0.08563273784456311
hidden_size=10
attention_head_size=3
dropout=0.11452428582505576
hidden_continuous_size=10
max_epochs=500
