gradient_clip_val=0.09905107687476239
learning_rate=0.01197621174154435
hidden_size=33
attention_head_size=3
dropout=0.29997203234650327
hidden_continuous_size=9
max_epochs=500
