gradient_clip_val=0.27156300991587934
learning_rate=0.0017920080198300706
hidden_size=52
attention_head_size=2
dropout=0.13269476582108836
hidden_continuous_size=49
max_epochs=500
