gradient_clip_val=0.0638578878654604
learning_rate=0.022801441238289706
hidden_size=49
attention_head_size=2
dropout=0.12316755060008949
hidden_continuous_size=23
max_epochs=500
