gradient_clip_val=0.07573708815089081
learning_rate=0.03656881107690914
hidden_size=67
attention_head_size=4
dropout=0.18195827067282647
hidden_continuous_size=27
max_epochs=500
