gradient_clip_val=0.01941202459957946
learning_rate=0.001826955017133065
hidden_size=62
attention_head_size=4
dropout=0.15257097596951147
hidden_continuous_size=8
max_epochs=500
