gradient_clip_val=0.041793985059871176
learning_rate=0.0012755746417560821
hidden_size=8
attention_head_size=1
dropout=0.28823888673835124
hidden_continuous_size=8
max_epochs=500
