gradient_clip_val=0.10847167261787417
learning_rate=0.012306261239362135
hidden_size=39
attention_head_size=2
dropout=0.20040929876988794
hidden_continuous_size=17
max_epochs=500
