gradient_clip_val=0.026850301743426383
learning_rate=0.09832027213963497
hidden_size=9
attention_head_size=4
dropout=0.18658735091601447
hidden_continuous_size=8
max_epochs=500
