gradient_clip_val=0.030962143245209267
learning_rate=0.012838840018553377
hidden_size=19
attention_head_size=2
dropout=0.14241753780332003
hidden_continuous_size=14
max_epochs=500
