gradient_clip_val=0.8141674038517507
learning_rate=0.013014506162330972
hidden_size=70
attention_head_size=4
dropout=0.2852098056879549
hidden_continuous_size=17
max_epochs=500
