gradient_clip_val=0.028086943985036077
learning_rate=0.0010089949221832708
hidden_size=21
attention_head_size=1
dropout=0.23971537936403672
hidden_continuous_size=15
max_epochs=500
