gradient_clip_val=0.0234432514579135
learning_rate=0.014763739550051504
hidden_size=8
attention_head_size=1
dropout=0.1708120556363361
hidden_continuous_size=8
max_epochs=500
