gradient_clip_val=0.5931796286287564
learning_rate=0.005737105266094829
hidden_size=27
attention_head_size=3
dropout=0.18423080030450573
hidden_continuous_size=24
max_epochs=500
