gradient_clip_val=0.02511955068458567
learning_rate=0.001027681779384485
hidden_size=26
attention_head_size=4
dropout=0.18329245076282644
hidden_continuous_size=12
max_epochs=500
