gradient_clip_val=0.29208880588541325
learning_rate=0.06749082498262841
hidden_size=52
attention_head_size=2
dropout=0.18684753840784818
hidden_continuous_size=44
max_epochs=500
