gradient_clip_val=0.15393420612961203
learning_rate=0.05098858510025042
hidden_size=32
attention_head_size=1
dropout=0.25518849599591076
hidden_continuous_size=20
max_epochs=500
