gradient_clip_val=0.02762719078783177
learning_rate=0.0021137778872910564
hidden_size=49
attention_head_size=3
dropout=0.20659829890735976
hidden_continuous_size=12
max_epochs=500
