gradient_clip_val=0.1873617874466102
learning_rate=0.09849852336064208
hidden_size=8
attention_head_size=2
dropout=0.21508140444314927
hidden_continuous_size=8
max_epochs=500
