gradient_clip_val=0.3584200032744098
learning_rate=0.010097604929778839
hidden_size=11
attention_head_size=2
dropout=0.1964714534729613
hidden_continuous_size=9
max_epochs=500
