gradient_clip_val=0.8732628083360126
learning_rate=0.04032989762410537
hidden_size=21
attention_head_size=4
dropout=0.24238824482944296
hidden_continuous_size=10
max_epochs=500
