gradient_clip_val=0.08592119366942462
learning_rate=0.0016793920755581889
hidden_size=26
attention_head_size=1
dropout=0.15697119605069704
hidden_continuous_size=11
max_epochs=500
