gradient_clip_val=0.04989143903405345
learning_rate=0.08860922659441185
hidden_size=15
attention_head_size=3
dropout=0.2813975494104113
hidden_continuous_size=14
max_epochs=500
