gradient_clip_val=0.8560900865668781
learning_rate=0.003488624759536098
hidden_size=41
attention_head_size=4
dropout=0.2062204797726449
hidden_continuous_size=17
max_epochs=500
