gradient_clip_val=0.08933803449385419
learning_rate=0.05863414403428035
hidden_size=20
attention_head_size=2
dropout=0.1860119507263483
hidden_continuous_size=12
max_epochs=500
