gradient_clip_val=0.6688912032473117
learning_rate=0.004722359394109458
hidden_size=92
attention_head_size=1
dropout=0.26181524752771745
hidden_continuous_size=28
max_epochs=500
