gradient_clip_val=0.019548679316237466
learning_rate=0.015094737281565183
hidden_size=14
attention_head_size=4
dropout=0.2901964941706757
hidden_continuous_size=9
max_epochs=500
