gradient_clip_val=0.7082088139103598
learning_rate=0.01781645543370035
hidden_size=16
attention_head_size=1
dropout=0.1722174082118543
hidden_continuous_size=11
max_epochs=500
