gradient_clip_val=0.5844295912128569
learning_rate=0.001224210607484683
hidden_size=33
attention_head_size=2
dropout=0.14064017489783723
hidden_continuous_size=14
max_epochs=500
