gradient_clip_val=0.07777299732724365
learning_rate=0.022293943315241805
hidden_size=12
attention_head_size=4
dropout=0.25103782585223755
hidden_continuous_size=9
max_epochs=500
