gradient_clip_val=0.013274342297950546
learning_rate=0.0031249742509239695
hidden_size=63
attention_head_size=3
dropout=0.26587097025967377
hidden_continuous_size=27
max_epochs=500
