gradient_clip_val=0.07877819515293423
learning_rate=0.0026910373019858346
hidden_size=120
attention_head_size=4
dropout=0.12883090184327398
hidden_continuous_size=14
max_epochs=500
