gradient_clip_val=0.010208276785375392
learning_rate=0.07884964844802324
hidden_size=13
attention_head_size=4
dropout=0.23280228538291048
hidden_continuous_size=8
max_epochs=500
