gradient_clip_val=0.024166278867233812
learning_rate=0.002398880745832771
hidden_size=54
attention_head_size=3
dropout=0.2638524853441985
hidden_continuous_size=30
max_epochs=500
