gradient_clip_val=0.27516144829104955
learning_rate=0.009098690069689731
hidden_size=42
attention_head_size=3
dropout=0.23698932632615766
hidden_continuous_size=9
max_epochs=500
