gradient_clip_val=0.23703134429370243
learning_rate=0.0011218740999645164
hidden_size=66
attention_head_size=2
dropout=0.11824260313891184
hidden_continuous_size=13
max_epochs=500
