gradient_clip_val=0.0809670075592065
learning_rate=0.08442813663528596
hidden_size=45
attention_head_size=2
dropout=0.2837437600487105
hidden_continuous_size=8
max_epochs=500
