gradient_clip_val=0.49002517833874026
learning_rate=0.0021436973110538116
hidden_size=44
attention_head_size=3
dropout=0.14782132002790685
hidden_continuous_size=10
max_epochs=500
