gradient_clip_val=0.036437528836519274
learning_rate=0.010745044063982138
hidden_size=19
attention_head_size=2
dropout=0.20480173425585746
hidden_continuous_size=14
max_epochs=500
