gradient_clip_val=0.6652692382169478
learning_rate=0.004385111174602486
hidden_size=108
attention_head_size=4
dropout=0.17595175164705226
hidden_continuous_size=16
max_epochs=500
