gradient_clip_val=0.014032479549680307
learning_rate=0.021788594280981493
hidden_size=116
attention_head_size=2
dropout=0.25591220858762853
hidden_continuous_size=78
max_epochs=500
