gradient_clip_val=0.10218337649198304
learning_rate=0.0063848117977488815
hidden_size=9
attention_head_size=4
dropout=0.18636882746878541
hidden_continuous_size=9
max_epochs=500
