gradient_clip_val=0.04025872030817458
learning_rate=0.0021217670061012594
hidden_size=46
attention_head_size=1
dropout=0.2844331095663597
hidden_continuous_size=14
max_epochs=500
