gradient_clip_val=0.14767176353757958
learning_rate=0.09644122074823103
hidden_size=9
attention_head_size=4
dropout=0.2343321621950343
hidden_continuous_size=8
max_epochs=500
