gradient_clip_val=0.839918731161694
learning_rate=0.005070661854481658
hidden_size=8
attention_head_size=3
dropout=0.13165588879757223
hidden_continuous_size=8
max_epochs=500
