gradient_clip_val=0.020874206969138897
learning_rate=0.002602628452395059
hidden_size=9
attention_head_size=2
dropout=0.11456332773319787
hidden_continuous_size=8
max_epochs=500
