gradient_clip_val=0.013249452473321082
learning_rate=0.034996981515691875
hidden_size=36
attention_head_size=4
dropout=0.19877710128408999
hidden_continuous_size=8
max_epochs=500
