gradient_clip_val=0.23465376547766356
learning_rate=0.06894348684087118
hidden_size=102
attention_head_size=1
dropout=0.29079325900057695
hidden_continuous_size=26
max_epochs=500
