gradient_clip_val=0.02972531001569889
learning_rate=0.0022676027266539138
hidden_size=41
attention_head_size=2
dropout=0.20279370300585725
hidden_continuous_size=23
max_epochs=500
