gradient_clip_val=0.29186719912522935
learning_rate=0.001185243783901047
hidden_size=22
attention_head_size=2
dropout=0.15448927916589092
hidden_continuous_size=18
max_epochs=500
