gradient_clip_val=0.015766613603029812
learning_rate=0.028713225082909365
hidden_size=35
attention_head_size=4
dropout=0.10393179536208606
hidden_continuous_size=30
max_epochs=500
