gradient_clip_val=0.38730380556231314
learning_rate=0.005044210908623654
hidden_size=73
attention_head_size=4
dropout=0.17064713455001074
hidden_continuous_size=11
max_epochs=500
