gradient_clip_val=0.13526879024741043
learning_rate=0.03303314264596394
hidden_size=22
attention_head_size=3
dropout=0.21314431843006917
hidden_continuous_size=20
max_epochs=500
