gradient_clip_val=0.6321689714667127
learning_rate=0.024436460845715147
hidden_size=11
attention_head_size=4
dropout=0.1620561771842295
hidden_continuous_size=10
max_epochs=500
