gradient_clip_val=0.11426427585529238
learning_rate=0.0014800837065176964
hidden_size=15
attention_head_size=4
dropout=0.2042664708510844
hidden_continuous_size=15
max_epochs=500
