gradient_clip_val=0.011623862904945874
learning_rate=0.015280686103801957
hidden_size=87
attention_head_size=3
dropout=0.2987738688767081
hidden_continuous_size=49
max_epochs=500
