gradient_clip_val=0.7321428535934809
learning_rate=0.0059122300154848
hidden_size=8
attention_head_size=2
dropout=0.22098744002308202
hidden_continuous_size=8
max_epochs=500
