gradient_clip_val=0.07144396128871375
learning_rate=0.03961029318162635
hidden_size=18
attention_head_size=4
dropout=0.24878795034793502
hidden_continuous_size=10
max_epochs=500
