gradient_clip_val=0.604760974208988
learning_rate=0.0662588903550503
hidden_size=15
attention_head_size=2
dropout=0.12564614588051387
hidden_continuous_size=15
max_epochs=500
