gradient_clip_val=0.6752558810229636
learning_rate=0.018658676929349784
hidden_size=54
attention_head_size=2
dropout=0.18007842696127146
hidden_continuous_size=19
max_epochs=500
