gradient_clip_val=0.1636307342112363
learning_rate=0.0073479067705741275
hidden_size=73
attention_head_size=1
dropout=0.1312597202780493
hidden_continuous_size=11
max_epochs=500
