gradient_clip_val=0.41040906075979827
learning_rate=0.010514478766800993
hidden_size=30
attention_head_size=2
dropout=0.1958604113658351
hidden_continuous_size=25
max_epochs=500
