gradient_clip_val=0.911655959338306
learning_rate=0.0012481343586885386
hidden_size=12
attention_head_size=3
dropout=0.2697485589288473
hidden_continuous_size=12
max_epochs=500
