gradient_clip_val=0.04076021218843615
learning_rate=0.08794824876224287
hidden_size=113
attention_head_size=2
dropout=0.26650349116928784
hidden_continuous_size=40
max_epochs=500
