gradient_clip_val=0.13123591753267214
learning_rate=0.001344433966435458
hidden_size=17
attention_head_size=4
dropout=0.2651960655995412
hidden_continuous_size=10
max_epochs=500
