gradient_clip_val=0.3649192148826582
learning_rate=0.012683889037574139
hidden_size=61
attention_head_size=4
dropout=0.16123297597643854
hidden_continuous_size=9
max_epochs=500
