gradient_clip_val=0.011308969785125762
learning_rate=0.0238241253993323
hidden_size=12
attention_head_size=3
dropout=0.21699171825705876
hidden_continuous_size=8
max_epochs=500
