gradient_clip_val=0.021924212864356512
learning_rate=0.07447307536751475
hidden_size=10
attention_head_size=3
dropout=0.24524543146811986
hidden_continuous_size=10
max_epochs=500
