gradient_clip_val=0.01981344983349316
learning_rate=0.026673705477463682
hidden_size=9
attention_head_size=3
dropout=0.1175178640979143
hidden_continuous_size=9
max_epochs=500
