gradient_clip_val=0.2081255675101612
learning_rate=0.020036971727436178
hidden_size=64
attention_head_size=4
dropout=0.14824108957336413
hidden_continuous_size=8
max_epochs=500
