gradient_clip_val=0.01430945368303177
learning_rate=0.006856967125096219
hidden_size=91
attention_head_size=1
dropout=0.14764606951709117
hidden_continuous_size=10
max_epochs=500
