gradient_clip_val=0.10350936033580212
learning_rate=0.0013984743195847736
hidden_size=10
attention_head_size=2
dropout=0.1835647057646681
hidden_continuous_size=10
max_epochs=500
