gradient_clip_val=0.04523553410588645
learning_rate=0.08793864835384446
hidden_size=59
attention_head_size=3
dropout=0.17588476775373416
hidden_continuous_size=14
max_epochs=500
