gradient_clip_val=0.9153961177701962
learning_rate=0.004390896219409417
hidden_size=91
attention_head_size=4
dropout=0.15530563155441673
hidden_continuous_size=30
max_epochs=500
