gradient_clip_val=0.5569928273724752
learning_rate=0.001835053004284466
hidden_size=17
attention_head_size=1
dropout=0.28878499614695163
hidden_continuous_size=9
max_epochs=500
