gradient_clip_val=0.8355155565134141
learning_rate=0.0025172030968708386
hidden_size=10
attention_head_size=3
dropout=0.11334294053418426
hidden_continuous_size=8
max_epochs=500
