gradient_clip_val=0.6500864343841296
learning_rate=0.004581038808928646
hidden_size=16
attention_head_size=1
dropout=0.15422981558043036
hidden_continuous_size=12
max_epochs=500
