gradient_clip_val=0.16627378175655297
learning_rate=0.009265857592104474
hidden_size=37
attention_head_size=3
dropout=0.10903702072885896
hidden_continuous_size=35
max_epochs=500
