gradient_clip_val=0.17931836273360705
learning_rate=0.01392365748722512
hidden_size=127
attention_head_size=3
dropout=0.2621232705224737
hidden_continuous_size=80
max_epochs=500
