gradient_clip_val=0.1426794944327282
learning_rate=0.047389015397193555
hidden_size=78
attention_head_size=4
dropout=0.2519891074691608
hidden_continuous_size=11
max_epochs=500
