gradient_clip_val=0.8519512965375624
learning_rate=0.03196568941158139
hidden_size=24
attention_head_size=3
dropout=0.2759921980579838
hidden_continuous_size=9
max_epochs=500
