gradient_clip_val=0.11977349513015108
learning_rate=0.018315143011379088
hidden_size=36
attention_head_size=1
dropout=0.10056920822028162
hidden_continuous_size=14
max_epochs=500
