gradient_clip_val=0.2467495592038084
learning_rate=0.001492520115533338
hidden_size=99
attention_head_size=1
dropout=0.2759959179912272
hidden_continuous_size=14
max_epochs=500
