gradient_clip_val=0.13622231196115928
learning_rate=0.01757151826290487
hidden_size=58
attention_head_size=3
dropout=0.1229553929756492
hidden_continuous_size=21
max_epochs=500
