gradient_clip_val=0.3925107440449902
learning_rate=0.0012091512466667206
hidden_size=50
attention_head_size=3
dropout=0.2043706630987393
hidden_continuous_size=15
max_epochs=500
