gradient_clip_val=0.35658342273014404
learning_rate=0.0052517939137025965
hidden_size=88
attention_head_size=2
dropout=0.1456227534843471
hidden_continuous_size=14
max_epochs=500
