gradient_clip_val=0.4826747108735405
learning_rate=0.018248726572122863
hidden_size=32
attention_head_size=4
dropout=0.12783335296872073
hidden_continuous_size=25
max_epochs=500
