gradient_clip_val=0.03320855634823519
learning_rate=0.004734530842923107
hidden_size=104
attention_head_size=1
dropout=0.2115760492037145
hidden_continuous_size=26
max_epochs=500
