gradient_clip_val=0.015151446887377412
learning_rate=0.00698192501352722
hidden_size=78
attention_head_size=2
dropout=0.20829296730788743
hidden_continuous_size=22
max_epochs=500
