gradient_clip_val=0.19488627385729998
learning_rate=0.0030215231466449
hidden_size=74
attention_head_size=3
dropout=0.1532293128993623
hidden_continuous_size=10
max_epochs=500
