gradient_clip_val=0.05027202963696156
learning_rate=0.0014691172236540523
hidden_size=51
attention_head_size=1
dropout=0.15025574372982065
hidden_continuous_size=38
max_epochs=500
