gradient_clip_val=0.6065227200452799
learning_rate=0.02260639468184846
hidden_size=88
attention_head_size=3
dropout=0.1809038920064666
hidden_continuous_size=11
max_epochs=500
