gradient_clip_val=0.3792722411549713
learning_rate=0.008915533127402425
hidden_size=89
attention_head_size=2
dropout=0.1963951041206584
hidden_continuous_size=83
max_epochs=500
