gradient_clip_val=0.02457779863779245
learning_rate=0.006036151727949886
hidden_size=33
attention_head_size=3
dropout=0.23748200813636577
hidden_continuous_size=16
max_epochs=500
