gradient_clip_val=0.4719895909073171
learning_rate=0.005450349295982948
hidden_size=63
attention_head_size=2
dropout=0.28523055019104393
hidden_continuous_size=25
max_epochs=500
