gradient_clip_val=0.014987839489029785
learning_rate=0.0033296449948146322
hidden_size=18
attention_head_size=2
dropout=0.2742045707414904
hidden_continuous_size=15
max_epochs=500
