gradient_clip_val=0.43604255567895656
learning_rate=0.0060089605429487
hidden_size=36
attention_head_size=1
dropout=0.14578941523638447
hidden_continuous_size=12
max_epochs=500
