gradient_clip_val=0.04111850059200911
learning_rate=0.05872088735988436
hidden_size=9
attention_head_size=2
dropout=0.23081736179699155
hidden_continuous_size=8
max_epochs=500
