gradient_clip_val=0.0795637783321584
learning_rate=0.008180517787301606
hidden_size=38
attention_head_size=2
dropout=0.2513462150432626
hidden_continuous_size=13
max_epochs=500
