gradient_clip_val=0.3369710884409559
learning_rate=0.0034053014363273526
hidden_size=45
attention_head_size=2
dropout=0.1888747062930372
hidden_continuous_size=41
max_epochs=500
