gradient_clip_val=0.2510554970525206
learning_rate=0.04211469739876511
hidden_size=38
attention_head_size=2
dropout=0.18410244232510847
hidden_continuous_size=34
max_epochs=500
