gradient_clip_val=0.02468161621895582
learning_rate=0.026512699711240775
hidden_size=30
attention_head_size=1
dropout=0.22752879027626452
hidden_continuous_size=17
max_epochs=500
