gradient_clip_val=0.2874963974015314
learning_rate=0.02951786766712139
hidden_size=20
attention_head_size=4
dropout=0.13573103331473063
hidden_continuous_size=14
max_epochs=500
