gradient_clip_val=0.32992120996886226
learning_rate=0.03366205933298866
hidden_size=8
attention_head_size=2
dropout=0.1166232083333626
hidden_continuous_size=8
max_epochs=500
