gradient_clip_val=0.47704920805364637
learning_rate=0.0027789986929297157
hidden_size=13
attention_head_size=1
dropout=0.21849353078815476
hidden_continuous_size=10
max_epochs=500
