gradient_clip_val=0.03438127943098014
learning_rate=0.04962033999547757
hidden_size=17
attention_head_size=4
dropout=0.1955402101019313
hidden_continuous_size=11
max_epochs=500
