gradient_clip_val=0.022910614934922247
learning_rate=0.005036586184155178
hidden_size=18
attention_head_size=1
dropout=0.22939127265857656
hidden_continuous_size=16
max_epochs=500
