gradient_clip_val=0.20985895121013876
learning_rate=0.002925816294728243
hidden_size=68
attention_head_size=3
dropout=0.1367004235089683
hidden_continuous_size=23
max_epochs=500
