gradient_clip_val=0.016336794401272933
learning_rate=0.0305721927082896
hidden_size=33
attention_head_size=3
dropout=0.15847911918080498
hidden_continuous_size=10
max_epochs=500
