gradient_clip_val=0.017511669111295664
learning_rate=0.04405534634077943
hidden_size=11
attention_head_size=1
dropout=0.17082500628840955
hidden_continuous_size=8
max_epochs=500
