gradient_clip_val=0.10158565965699938
learning_rate=0.004395621692074636
hidden_size=65
attention_head_size=4
dropout=0.23989006357241047
hidden_continuous_size=15
max_epochs=500
