gradient_clip_val=0.12538521468130945
learning_rate=0.0024975861915072835
hidden_size=55
attention_head_size=2
dropout=0.2506696325541862
hidden_continuous_size=8
max_epochs=500
