gradient_clip_val=0.21010780744918836
learning_rate=0.005841854853263333
hidden_size=20
attention_head_size=2
dropout=0.13763568422793598
hidden_continuous_size=14
max_epochs=500
