gradient_clip_val=0.06056509709177789
learning_rate=0.001696488898958185
hidden_size=71
attention_head_size=1
dropout=0.279115008578635
hidden_continuous_size=15
max_epochs=500
