gradient_clip_val=0.03604967516689146
learning_rate=0.03131354441192667
hidden_size=42
attention_head_size=4
dropout=0.23530074109831262
hidden_continuous_size=15
max_epochs=500
