gradient_clip_val=0.01883991756892763
learning_rate=0.09685392394176767
hidden_size=39
attention_head_size=1
dropout=0.19419878027154108
hidden_continuous_size=20
max_epochs=500
