gradient_clip_val=0.010046238829823405
learning_rate=0.002688225484807643
hidden_size=16
attention_head_size=2
dropout=0.23174799369703142
hidden_continuous_size=12
max_epochs=500
