gradient_clip_val=0.2914532446124693
learning_rate=0.004361290150702982
hidden_size=39
attention_head_size=4
dropout=0.23479702803588812
hidden_continuous_size=22
max_epochs=500
