gradient_clip_val=0.23222546829960494
learning_rate=0.02600798220718856
hidden_size=17
attention_head_size=3
dropout=0.14362894977246105
hidden_continuous_size=8
max_epochs=500
