gradient_clip_val=0.01593536501173312
learning_rate=0.003851418872154675
hidden_size=77
attention_head_size=3
dropout=0.19094294773251186
hidden_continuous_size=9
max_epochs=500
