gradient_clip_val=0.07788528367524059
learning_rate=0.027099880790815715
hidden_size=9
attention_head_size=1
dropout=0.12718889989012003
hidden_continuous_size=9
max_epochs=500
