gradient_clip_val=0.29208427981133633
learning_rate=0.001781444825183475
hidden_size=51
attention_head_size=2
dropout=0.22932992228156593
hidden_continuous_size=12
max_epochs=500
