gradient_clip_val=0.2071807573738778
learning_rate=0.05786577851269536
hidden_size=78
attention_head_size=1
dropout=0.28906226517161
hidden_continuous_size=45
max_epochs=500
