gradient_clip_val=0.019809168457659686
learning_rate=0.020519937088348015
hidden_size=30
attention_head_size=1
dropout=0.12202116785862041
hidden_continuous_size=23
max_epochs=500
