gradient_clip_val=0.04011502687606885
learning_rate=0.0029275738783647786
hidden_size=26
attention_head_size=4
dropout=0.18892926570507712
hidden_continuous_size=10
max_epochs=500
