gradient_clip_val=0.012431986609503485
learning_rate=0.0021723748397196106
hidden_size=82
attention_head_size=4
dropout=0.10173340660296737
hidden_continuous_size=80
max_epochs=500
