gradient_clip_val=0.010373689322478986
learning_rate=0.005124678014407007
hidden_size=35
attention_head_size=2
dropout=0.1676894364268698
hidden_continuous_size=11
max_epochs=500
