gradient_clip_val=0.5720373146980835
learning_rate=0.0014476924936758472
hidden_size=8
attention_head_size=4
dropout=0.17880798908008097
hidden_continuous_size=8
max_epochs=500
