gradient_clip_val=0.6962600322522295
learning_rate=0.002004156109273543
hidden_size=12
attention_head_size=3
dropout=0.2251576631087851
hidden_continuous_size=8
max_epochs=500
