gradient_clip_val=0.04077258699396459
learning_rate=0.003911656534489709
hidden_size=88
attention_head_size=4
dropout=0.1633592473213804
hidden_continuous_size=86
max_epochs=500
