gradient_clip_val=0.8671038311945266
learning_rate=0.04832915147687258
hidden_size=52
attention_head_size=3
dropout=0.13220958837638894
hidden_continuous_size=34
max_epochs=500
