gradient_clip_val=0.011904388803439473
learning_rate=0.0015333515461394042
hidden_size=52
attention_head_size=4
dropout=0.19183818698761246
hidden_continuous_size=14
max_epochs=500
