gradient_clip_val=0.022737369706291068
learning_rate=0.08295882297094445
hidden_size=39
attention_head_size=1
dropout=0.291706462560668
hidden_continuous_size=13
max_epochs=500
