gradient_clip_val=0.09874509516625753
learning_rate=0.040606389297991284
hidden_size=109
attention_head_size=1
dropout=0.27791104755154494
hidden_continuous_size=73
max_epochs=500
