gradient_clip_val=0.18446919677533924
learning_rate=0.0024512435841054048
hidden_size=70
attention_head_size=3
dropout=0.2665333560400197
hidden_continuous_size=9
max_epochs=500
