gradient_clip_val=0.12535631523547572
learning_rate=0.02848540766529011
hidden_size=10
attention_head_size=4
dropout=0.24848420296301774
hidden_continuous_size=8
max_epochs=500
