gradient_clip_val=0.560399633141503
learning_rate=0.0011815790699389545
hidden_size=46
attention_head_size=2
dropout=0.113954593223654
hidden_continuous_size=19
max_epochs=500
