gradient_clip_val=0.14184424758182862
learning_rate=0.009886594381131892
hidden_size=72
attention_head_size=1
dropout=0.17454813379717943
hidden_continuous_size=18
max_epochs=500
