gradient_clip_val=0.04735135791210758
learning_rate=0.0014301123396694329
hidden_size=20
attention_head_size=1
dropout=0.1628515682493195
hidden_continuous_size=8
max_epochs=500
