gradient_clip_val=0.27434479865163786
learning_rate=0.010021055186110787
hidden_size=16
attention_head_size=2
dropout=0.29289771381511165
hidden_continuous_size=9
max_epochs=500
