gradient_clip_val=0.0583699846416195
learning_rate=0.037230411570536116
hidden_size=13
attention_head_size=1
dropout=0.1619803397098899
hidden_continuous_size=8
max_epochs=500
