gradient_clip_val=0.015053847494115069
learning_rate=0.012774425675223453
hidden_size=15
attention_head_size=2
dropout=0.2202555667356548
hidden_continuous_size=10
max_epochs=500
