gradient_clip_val=0.060179243915441036
learning_rate=0.05250678637585017
hidden_size=10
attention_head_size=3
dropout=0.26708801061924425
hidden_continuous_size=9
max_epochs=500
