gradient_clip_val=0.8032591932406199
learning_rate=0.02706816449733213
hidden_size=70
attention_head_size=4
dropout=0.29427743417640384
hidden_continuous_size=63
max_epochs=500
