gradient_clip_val=0.025373063699225692
learning_rate=0.024909672875697973
hidden_size=35
attention_head_size=2
dropout=0.2336521295872241
hidden_continuous_size=8
max_epochs=500
