gradient_clip_val=0.3722529613565304
learning_rate=0.044385650797148804
hidden_size=15
attention_head_size=3
dropout=0.17905898720058644
hidden_continuous_size=13
max_epochs=500
