gradient_clip_val=0.24895679719269892
learning_rate=0.010237817514089443
hidden_size=42
attention_head_size=2
dropout=0.14115216315655355
hidden_continuous_size=17
max_epochs=500
