gradient_clip_val=0.09077214428102569
learning_rate=0.0016917290312183848
hidden_size=113
attention_head_size=2
dropout=0.24511802847759456
hidden_continuous_size=75
max_epochs=500
