gradient_clip_val=0.28341661660067263
learning_rate=0.006312828693043406
hidden_size=11
attention_head_size=4
dropout=0.2990009737187116
hidden_continuous_size=9
max_epochs=500
