gradient_clip_val=0.25188642411138223
learning_rate=0.062133662808833076
hidden_size=19
attention_head_size=2
dropout=0.14514587241844612
hidden_continuous_size=11
max_epochs=500
