gradient_clip_val=0.06991802017392941
learning_rate=0.06056562793013896
hidden_size=27
attention_head_size=4
dropout=0.23926228033835353
hidden_continuous_size=15
max_epochs=500
