gradient_clip_val=0.06555377653415612
learning_rate=0.052241744459928977
hidden_size=78
attention_head_size=3
dropout=0.130300630249104
hidden_continuous_size=22
max_epochs=500
