gradient_clip_val=0.02509721024539873
learning_rate=0.003760893585630625
hidden_size=24
attention_head_size=1
dropout=0.13695652895458785
hidden_continuous_size=9
max_epochs=500
