gradient_clip_val=0.86286929905083
learning_rate=0.08426057208396372
hidden_size=90
attention_head_size=1
dropout=0.2233689535026195
hidden_continuous_size=28
max_epochs=500
