gradient_clip_val=0.018529319158412258
learning_rate=0.006710879365638624
hidden_size=17
attention_head_size=4
dropout=0.11309751710321654
hidden_continuous_size=11
max_epochs=500
