gradient_clip_val=0.10004346527418564
learning_rate=0.024290576945538853
hidden_size=9
attention_head_size=2
dropout=0.20616731855980472
hidden_continuous_size=9
max_epochs=500
