gradient_clip_val=0.01402269185152676
learning_rate=0.045501340429445904
hidden_size=11
attention_head_size=1
dropout=0.27609144808128366
hidden_continuous_size=8
max_epochs=500
