gradient_clip_val=0.7280248645655679
learning_rate=0.00190350368518023
hidden_size=24
attention_head_size=1
dropout=0.2063676546969046
hidden_continuous_size=13
max_epochs=500
