gradient_clip_val=0.2269315919025252
learning_rate=0.0022617313101999945
hidden_size=8
attention_head_size=3
dropout=0.2785846868507952
hidden_continuous_size=8
max_epochs=500
