gradient_clip_val=0.372659516331525
learning_rate=0.029814689422588175
hidden_size=26
attention_head_size=2
dropout=0.1893504695411175
hidden_continuous_size=24
max_epochs=500
