gradient_clip_val=0.22185749470932908
learning_rate=0.019503699840707985
hidden_size=53
attention_head_size=3
dropout=0.11969583919839284
hidden_continuous_size=11
max_epochs=500
