gradient_clip_val=0.17777217330010436
learning_rate=0.00593072477716549
hidden_size=31
attention_head_size=1
dropout=0.1814336357228567
hidden_continuous_size=13
max_epochs=500
