gradient_clip_val=0.0746082700187129
learning_rate=0.0014677612303494723
hidden_size=8
attention_head_size=4
dropout=0.11332147900743801
hidden_continuous_size=8
max_epochs=500
