gradient_clip_val=0.24426467713301225
learning_rate=0.004863224191953454
hidden_size=99
attention_head_size=2
dropout=0.1835209157699715
hidden_continuous_size=11
max_epochs=500
