gradient_clip_val=0.03646847497918947
learning_rate=0.0020328949756122754
hidden_size=119
attention_head_size=2
dropout=0.2249180568270592
hidden_continuous_size=33
max_epochs=500
