gradient_clip_val=0.436193057195833
learning_rate=0.0038624235676404982
hidden_size=121
attention_head_size=2
dropout=0.1042735929811281
hidden_continuous_size=12
max_epochs=500
