gradient_clip_val=0.07055030516154528
learning_rate=0.0036109731447578316
hidden_size=89
attention_head_size=4
dropout=0.12400499625054964
hidden_continuous_size=71
max_epochs=500
