gradient_clip_val=0.7448783164552996
learning_rate=0.0018376250519491744
hidden_size=60
attention_head_size=4
dropout=0.14229887855176115
hidden_continuous_size=55
max_epochs=500
