gradient_clip_val=0.018110039780050005
learning_rate=0.08060977209085264
hidden_size=31
attention_head_size=1
dropout=0.21488553981051278
hidden_continuous_size=8
max_epochs=500
