gradient_clip_val=0.03334135141418127
learning_rate=0.03197991628492087
hidden_size=18
attention_head_size=2
dropout=0.29028297158594374
hidden_continuous_size=15
max_epochs=500
