gradient_clip_val=0.011632955879958782
learning_rate=0.0013033348349438595
hidden_size=59
attention_head_size=3
dropout=0.13992979192806576
hidden_continuous_size=32
max_epochs=500
