gradient_clip_val=0.5666200674960731
learning_rate=0.0025610101779708684
hidden_size=9
attention_head_size=4
dropout=0.12177262935735336
hidden_continuous_size=9
max_epochs=500
