gradient_clip_val=0.015644079237325477
learning_rate=0.0023893008829703297
hidden_size=52
attention_head_size=3
dropout=0.14787445506596458
hidden_continuous_size=31
max_epochs=500
