gradient_clip_val=0.038300829873374964
learning_rate=0.028044607157043776
hidden_size=38
attention_head_size=2
dropout=0.21639741803220933
hidden_continuous_size=9
max_epochs=500
