gradient_clip_val=0.04292715233729446
learning_rate=0.02896146879035955
hidden_size=82
attention_head_size=3
dropout=0.1491712301416787
hidden_continuous_size=69
max_epochs=500
