gradient_clip_val=0.016090936661335736
learning_rate=0.025813232772258207
hidden_size=62
attention_head_size=2
dropout=0.20025614356224725
hidden_continuous_size=56
max_epochs=500
