gradient_clip_val=0.10403532419771412
learning_rate=0.04112732173943623
hidden_size=70
attention_head_size=1
dropout=0.14751686255913835
hidden_continuous_size=64
max_epochs=500
