gradient_clip_val=0.33286805485946847
learning_rate=0.03562170360609993
hidden_size=43
attention_head_size=3
dropout=0.13538031866805567
hidden_continuous_size=22
max_epochs=500
