gradient_clip_val=0.031196843655705395
learning_rate=0.0266291038355246
hidden_size=13
attention_head_size=1
dropout=0.11476327883629532
hidden_continuous_size=8
max_epochs=500
