gradient_clip_val=0.5656349745445698
learning_rate=0.007221805752513824
hidden_size=32
attention_head_size=3
dropout=0.23801944929361143
hidden_continuous_size=12
max_epochs=500
