gradient_clip_val=0.741265186218885
learning_rate=0.052435379755195154
hidden_size=12
attention_head_size=1
dropout=0.15161752056613867
hidden_continuous_size=11
max_epochs=500
