gradient_clip_val=0.28129405489115655
learning_rate=0.001846028560930895
hidden_size=9
attention_head_size=2
dropout=0.17374813774754322
hidden_continuous_size=8
max_epochs=500
