gradient_clip_val=0.18201359536309256
learning_rate=0.039905541624560184
hidden_size=102
attention_head_size=3
dropout=0.2051347283011118
hidden_continuous_size=31
max_epochs=500
