gradient_clip_val=0.02421018798917599
learning_rate=0.004988207707232206
hidden_size=99
attention_head_size=3
dropout=0.1309229828657913
hidden_continuous_size=17
max_epochs=500
