gradient_clip_val=0.5403833991369907
learning_rate=0.06540340999857336
hidden_size=32
attention_head_size=4
dropout=0.29668278287893546
hidden_continuous_size=11
max_epochs=500
