gradient_clip_val=0.48848378289903654
learning_rate=0.008502678539971942
hidden_size=8
attention_head_size=3
dropout=0.1499574944569545
hidden_continuous_size=8
max_epochs=500
