gradient_clip_val=0.017421160878734774
learning_rate=0.0019637407157021307
hidden_size=72
attention_head_size=3
dropout=0.2829316160847791
hidden_continuous_size=48
max_epochs=500
