gradient_clip_val=0.2953391531874307
learning_rate=0.0020176026450039217
hidden_size=75
attention_head_size=1
dropout=0.2647984512371972
hidden_continuous_size=66
max_epochs=500
