gradient_clip_val=0.8718885294284242
learning_rate=0.0011583223790456
hidden_size=18
attention_head_size=1
dropout=0.28168724921826965
hidden_continuous_size=14
max_epochs=500
