gradient_clip_val=0.011838840588797507
learning_rate=0.00698842347884363
hidden_size=9
attention_head_size=2
dropout=0.19350957184588646
hidden_continuous_size=8
max_epochs=500
