gradient_clip_val=0.02681476334385716
learning_rate=0.00810184213378126
hidden_size=107
attention_head_size=2
dropout=0.12412657967618718
hidden_continuous_size=10
max_epochs=500
