gradient_clip_val=0.1166091138826051
learning_rate=0.00887566955491602
hidden_size=14
attention_head_size=1
dropout=0.22557301944953886
hidden_continuous_size=8
max_epochs=500
