gradient_clip_val=0.25171480643332245
learning_rate=0.0011330931129228774
hidden_size=23
attention_head_size=4
dropout=0.17269463272103203
hidden_continuous_size=11
max_epochs=500
