gradient_clip_val=0.17091082246081804
learning_rate=0.056646847634811884
hidden_size=22
attention_head_size=4
dropout=0.13429887544330812
hidden_continuous_size=11
max_epochs=500
