gradient_clip_val=0.03532104921156561
learning_rate=0.08140793964322297
hidden_size=16
attention_head_size=3
dropout=0.2958114341234969
hidden_continuous_size=11
max_epochs=500
