gradient_clip_val=0.06081998439102423
learning_rate=0.011263510077944832
hidden_size=8
attention_head_size=1
dropout=0.12052591938683484
hidden_continuous_size=8
max_epochs=500
