gradient_clip_val=0.022246086349239153
learning_rate=0.02059224125385448
hidden_size=13
attention_head_size=4
dropout=0.2059469260853138
hidden_continuous_size=13
max_epochs=500
