gradient_clip_val=0.10620136278570506
learning_rate=0.007676877896263455
hidden_size=125
attention_head_size=1
dropout=0.21816721248949922
hidden_continuous_size=48
max_epochs=500
