gradient_clip_val=0.245191513975018
learning_rate=0.009747509709794858
hidden_size=51
attention_head_size=1
dropout=0.10978893971484692
hidden_continuous_size=10
max_epochs=500
