gradient_clip_val=0.2678374625302784
learning_rate=0.08121036520389843
hidden_size=58
attention_head_size=4
dropout=0.22202379800407746
hidden_continuous_size=9
max_epochs=500
