gradient_clip_val=0.18057210588233763
learning_rate=0.018668122355460916
hidden_size=68
attention_head_size=3
dropout=0.17191063087044406
hidden_continuous_size=38
max_epochs=500
