gradient_clip_val=0.01634722132565082
learning_rate=0.021618761292264817
hidden_size=93
attention_head_size=1
dropout=0.15521549354842884
hidden_continuous_size=17
max_epochs=500
