gradient_clip_val=0.4005531739034306
learning_rate=0.003640708018790692
hidden_size=23
attention_head_size=3
dropout=0.10694680599153171
hidden_continuous_size=10
max_epochs=500
