gradient_clip_val=0.9514118068407703
learning_rate=0.0021448140207671884
hidden_size=9
attention_head_size=4
dropout=0.17811559282040434
hidden_continuous_size=9
max_epochs=500
