gradient_clip_val=0.03426894047797651
learning_rate=0.0017038712862214463
hidden_size=10
attention_head_size=1
dropout=0.14259986166576807
hidden_continuous_size=9
max_epochs=500
