gradient_clip_val=0.05713432711554692
learning_rate=0.0083652542659818
hidden_size=21
attention_head_size=4
dropout=0.2659853752948416
hidden_continuous_size=15
max_epochs=500
