gradient_clip_val=0.03891419301925721
learning_rate=0.005147408054744352
hidden_size=77
attention_head_size=4
dropout=0.10174591691460683
hidden_continuous_size=67
max_epochs=500
