gradient_clip_val=0.15812674273580984
learning_rate=0.004810620399606677
hidden_size=124
attention_head_size=4
dropout=0.2675548541658318
hidden_continuous_size=12
max_epochs=500
