gradient_clip_val=0.056532714896087174
learning_rate=0.017518403628754276
hidden_size=24
attention_head_size=4
dropout=0.24708089913940445
hidden_continuous_size=21
max_epochs=500
