gradient_clip_val=0.7537187598044705
learning_rate=0.0011422522151611476
hidden_size=59
attention_head_size=3
dropout=0.13384450955957197
hidden_continuous_size=9
max_epochs=500
