gradient_clip_val=0.28830854490416885
learning_rate=0.09443878123213653
hidden_size=39
attention_head_size=4
dropout=0.25670245260893787
hidden_continuous_size=25
max_epochs=500
