gradient_clip_val=0.2530038784876934
learning_rate=0.03379730864097243
hidden_size=21
attention_head_size=4
dropout=0.16611550876229458
hidden_continuous_size=17
max_epochs=500
