gradient_clip_val=0.1263056658508192
learning_rate=0.01237872594416646
hidden_size=10
attention_head_size=2
dropout=0.22632112973174728
hidden_continuous_size=9
max_epochs=500
