gradient_clip_val=0.013233390769901304
learning_rate=0.0016980872508833413
hidden_size=8
attention_head_size=4
dropout=0.24861108914828853
hidden_continuous_size=8
max_epochs=500
