gradient_clip_val=0.22250732089907474
learning_rate=0.0288127284749919
hidden_size=36
attention_head_size=1
dropout=0.237884211738652
hidden_continuous_size=28
max_epochs=500
