gradient_clip_val=0.09986701645026604
learning_rate=0.03172149115774133
hidden_size=40
attention_head_size=4
dropout=0.1223138797178623
hidden_continuous_size=15
max_epochs=500
