gradient_clip_val=0.014046411065141358
learning_rate=0.004727946880456593
hidden_size=57
attention_head_size=3
dropout=0.2314687593173434
hidden_continuous_size=12
max_epochs=500
