gradient_clip_val=0.25500778638206634
learning_rate=0.023451569863502896
hidden_size=62
attention_head_size=3
dropout=0.15820774986129352
hidden_continuous_size=15
max_epochs=500
