gradient_clip_val=0.032074915436338794
learning_rate=0.011062915465420379
hidden_size=13
attention_head_size=3
dropout=0.18569379306010214
hidden_continuous_size=13
max_epochs=500
