gradient_clip_val=0.34768242679678746
learning_rate=0.012207560357945776
hidden_size=12
attention_head_size=3
dropout=0.25743828492799936
hidden_continuous_size=12
max_epochs=500
