gradient_clip_val=0.557856370888879
learning_rate=0.001435336236196992
hidden_size=8
attention_head_size=3
dropout=0.24613086808156417
hidden_continuous_size=8
max_epochs=500
