gradient_clip_val=0.07521156781834326
learning_rate=0.052188169818489887
hidden_size=24
attention_head_size=4
dropout=0.2676374748138257
hidden_continuous_size=9
max_epochs=500
