gradient_clip_val=0.26663824535745717
learning_rate=0.071670435199588
hidden_size=11
attention_head_size=1
dropout=0.234889590223216
hidden_continuous_size=10
max_epochs=500
