gradient_clip_val=0.03160828478760895
learning_rate=0.025517905664530813
hidden_size=8
attention_head_size=4
dropout=0.1794461896855049
hidden_continuous_size=8
max_epochs=500
