gradient_clip_val=0.2674453043069918
learning_rate=0.005769678798917829
hidden_size=40
attention_head_size=2
dropout=0.1089657541340646
hidden_continuous_size=29
max_epochs=500
