gradient_clip_val=0.013086118736220615
learning_rate=0.010733439208265395
hidden_size=27
attention_head_size=3
dropout=0.1954713217017539
hidden_continuous_size=19
max_epochs=500
