gradient_clip_val=0.4882689178631743
learning_rate=0.02248680624796649
hidden_size=26
attention_head_size=2
dropout=0.1301145886351943
hidden_continuous_size=17
max_epochs=500
