gradient_clip_val=0.29918087895969964
learning_rate=0.003850948953255204
hidden_size=26
attention_head_size=4
dropout=0.1953568856894807
hidden_continuous_size=18
max_epochs=500
