gradient_clip_val=0.13269422012858165
learning_rate=0.0035746034623998853
hidden_size=105
attention_head_size=3
dropout=0.26319122084927044
hidden_continuous_size=14
max_epochs=500
