gradient_clip_val=0.33953462464723294
learning_rate=0.0025520896989301625
hidden_size=8
attention_head_size=2
dropout=0.1153386638886028
hidden_continuous_size=8
max_epochs=500
