gradient_clip_val=0.06760555037169563
learning_rate=0.0046805202465258445
hidden_size=122
attention_head_size=3
dropout=0.18983810244964994
hidden_continuous_size=80
max_epochs=500
