gradient_clip_val=0.010510790404199773
learning_rate=0.05223432223375361
hidden_size=21
attention_head_size=3
dropout=0.258491464705811
hidden_continuous_size=15
max_epochs=500
