gradient_clip_val=0.21515855057639105
learning_rate=0.03497038813272706
hidden_size=111
attention_head_size=3
dropout=0.24905858431926253
hidden_continuous_size=8
max_epochs=500
