gradient_clip_val=0.13279427595298923
learning_rate=0.0012120974866878674
hidden_size=48
attention_head_size=4
dropout=0.25451744878029764
hidden_continuous_size=8
max_epochs=500
