gradient_clip_val=0.03187857778202613
learning_rate=0.04337405505104133
hidden_size=11
attention_head_size=1
dropout=0.20251647488721736
hidden_continuous_size=11
max_epochs=500
