gradient_clip_val=0.012346147198186963
learning_rate=0.05410612439172106
hidden_size=41
attention_head_size=4
dropout=0.21043681664838576
hidden_continuous_size=17
max_epochs=500
