gradient_clip_val=0.011565340812520565
learning_rate=0.0072666501887783865
hidden_size=35
attention_head_size=3
dropout=0.1293453184901474
hidden_continuous_size=8
max_epochs=500
