gradient_clip_val=0.022827706045783085
learning_rate=0.06963024435387746
hidden_size=107
attention_head_size=4
dropout=0.12455528774940959
hidden_continuous_size=24
max_epochs=500
