gradient_clip_val=0.07242358710429986
learning_rate=0.0017569771854367747
hidden_size=10
attention_head_size=1
dropout=0.21187822598680028
hidden_continuous_size=8
max_epochs=500
