gradient_clip_val=0.8208168556253465
learning_rate=0.02920152485875569
hidden_size=41
attention_head_size=4
dropout=0.21179376153035379
hidden_continuous_size=16
max_epochs=500
