gradient_clip_val=0.010817182050183687
learning_rate=0.07683864283989437
hidden_size=47
attention_head_size=4
dropout=0.2155726192354804
hidden_continuous_size=29
max_epochs=500
