gradient_clip_val=0.16616418069936156
learning_rate=0.004306084807887163
hidden_size=13
attention_head_size=3
dropout=0.15548237785184
hidden_continuous_size=11
max_epochs=500
