gradient_clip_val=0.029528224436570865
learning_rate=0.047150399096424905
hidden_size=102
attention_head_size=3
dropout=0.24361963070337816
hidden_continuous_size=18
max_epochs=500
