gradient_clip_val=0.1843716376213904
learning_rate=0.0014204691886763481
hidden_size=127
attention_head_size=3
dropout=0.2693232437141343
hidden_continuous_size=20
max_epochs=500
