gradient_clip_val=0.03548980430293813
learning_rate=0.003684504124766298
hidden_size=22
attention_head_size=4
dropout=0.12667441615693414
hidden_continuous_size=20
max_epochs=500
