gradient_clip_val=0.2577640852090658
learning_rate=0.01429526590205748
hidden_size=9
attention_head_size=1
dropout=0.1809861259079296
hidden_continuous_size=8
max_epochs=500
