gradient_clip_val=0.8092249864264922
learning_rate=0.026560518377687935
hidden_size=33
attention_head_size=2
dropout=0.24814428577637548
hidden_continuous_size=16
max_epochs=500
