gradient_clip_val=0.0892023496828803
learning_rate=0.0017639369578450986
hidden_size=98
attention_head_size=3
dropout=0.2275063185812963
hidden_continuous_size=48
max_epochs=500
