gradient_clip_val=0.04287250690670531
learning_rate=0.014491372382914794
hidden_size=18
attention_head_size=2
dropout=0.14602470084266422
hidden_continuous_size=10
max_epochs=500
