gradient_clip_val=0.8454719479877104
learning_rate=0.025709716166092855
hidden_size=20
attention_head_size=3
dropout=0.19453650370503212
hidden_continuous_size=8
max_epochs=500
