gradient_clip_val=0.17550901229246416
learning_rate=0.020687141221804053
hidden_size=23
attention_head_size=4
dropout=0.12812857002268982
hidden_continuous_size=11
max_epochs=500
