gradient_clip_val=0.133379433284224
learning_rate=0.002662510698225597
hidden_size=17
attention_head_size=1
dropout=0.25740327262926777
hidden_continuous_size=8
max_epochs=500
