gradient_clip_val=0.017249117091696544
learning_rate=0.0016507641513314672
hidden_size=38
attention_head_size=1
dropout=0.2158894008440016
hidden_continuous_size=8
max_epochs=500
