gradient_clip_val=0.9826688925825905
learning_rate=0.013549059561122732
hidden_size=59
attention_head_size=4
dropout=0.2609928599768073
hidden_continuous_size=33
max_epochs=500
