gradient_clip_val=0.7472179475036564
learning_rate=0.0038670186721169145
hidden_size=72
attention_head_size=3
dropout=0.1486342947772081
hidden_continuous_size=38
max_epochs=500
