gradient_clip_val=0.14052237433953144
learning_rate=0.03040114079398308
hidden_size=26
attention_head_size=1
dropout=0.25704484987244214
hidden_continuous_size=22
max_epochs=500
