gradient_clip_val=0.010479279623082925
learning_rate=0.016190537064294328
hidden_size=13
attention_head_size=3
dropout=0.12866809862635123
hidden_continuous_size=10
max_epochs=500
