gradient_clip_val=0.23171556677413532
learning_rate=0.01993009268819872
hidden_size=72
attention_head_size=4
dropout=0.22504851229593495
hidden_continuous_size=16
max_epochs=500
