gradient_clip_val=0.12302288617798358
learning_rate=0.0019904661484126335
hidden_size=68
attention_head_size=1
dropout=0.26569324639394776
hidden_continuous_size=8
max_epochs=500
