gradient_clip_val=0.050892066512282674
learning_rate=0.002972267672177661
hidden_size=16
attention_head_size=4
dropout=0.2714880656295189
hidden_continuous_size=9
max_epochs=500
