gradient_clip_val=0.020797518021110732
learning_rate=0.0030774096808693944
hidden_size=8
attention_head_size=3
dropout=0.28265348675511626
hidden_continuous_size=8
max_epochs=500
