gradient_clip_val=0.35549299061513945
learning_rate=0.049936055182707315
hidden_size=62
attention_head_size=2
dropout=0.10390233626739308
hidden_continuous_size=11
max_epochs=500
