gradient_clip_val=0.0838791924360919
learning_rate=0.0022489750074909
hidden_size=11
attention_head_size=3
dropout=0.18183969881556541
hidden_continuous_size=10
max_epochs=500
