gradient_clip_val=0.012395122167254703
learning_rate=0.025060596373132703
hidden_size=11
attention_head_size=2
dropout=0.2651613701703079
hidden_continuous_size=10
max_epochs=500
