gradient_clip_val=0.1453897339133613
learning_rate=0.0017786684353534657
hidden_size=17
attention_head_size=1
dropout=0.24258121909513675
hidden_continuous_size=12
max_epochs=500
