gradient_clip_val=0.07065579728508255
learning_rate=0.047390903679672074
hidden_size=65
attention_head_size=3
dropout=0.2710556030057951
hidden_continuous_size=19
max_epochs=500
