gradient_clip_val=0.6599819492988853
learning_rate=0.05426850344661734
hidden_size=40
attention_head_size=2
dropout=0.11318805492106952
hidden_continuous_size=25
max_epochs=500
