gradient_clip_val=0.10514695145805604
learning_rate=0.0016100213563624663
hidden_size=36
attention_head_size=2
dropout=0.2791045489243208
hidden_continuous_size=31
max_epochs=500
