gradient_clip_val=0.7224387474782229
learning_rate=0.033501088179283454
hidden_size=104
attention_head_size=2
dropout=0.17715570399849034
hidden_continuous_size=8
max_epochs=500
