gradient_clip_val=0.5753426284494663
learning_rate=0.016960839918261802
hidden_size=44
attention_head_size=3
dropout=0.28375870393705693
hidden_continuous_size=10
max_epochs=500
