gradient_clip_val=0.07544198916105185
learning_rate=0.09815988574609984
hidden_size=16
attention_head_size=1
dropout=0.2595758578553681
hidden_continuous_size=8
max_epochs=500
