gradient_clip_val=0.5275595588422145
learning_rate=0.021234916989590066
hidden_size=108
attention_head_size=2
dropout=0.11803565806332268
hidden_continuous_size=68
max_epochs=500
