gradient_clip_val=0.15043540936203526
learning_rate=0.002694887789914616
hidden_size=31
attention_head_size=4
dropout=0.2936606827208337
hidden_continuous_size=10
max_epochs=500
