gradient_clip_val=0.07779192427457336
learning_rate=0.013635010605671214
hidden_size=24
attention_head_size=2
dropout=0.12115148276453934
hidden_continuous_size=13
max_epochs=500
