gradient_clip_val=0.0830299581607584
learning_rate=0.002389376349315406
hidden_size=25
attention_head_size=1
dropout=0.21792577930309098
hidden_continuous_size=14
max_epochs=500
