gradient_clip_val=0.6671263319821028
learning_rate=0.001268854250257564
hidden_size=70
attention_head_size=4
dropout=0.15099371477696688
hidden_continuous_size=20
max_epochs=500
