gradient_clip_val=0.6721341316567049
learning_rate=0.06127408076589578
hidden_size=24
attention_head_size=2
dropout=0.1378339961631882
hidden_continuous_size=15
max_epochs=500
