gradient_clip_val=0.02472610630382794
learning_rate=0.0038385068480930747
hidden_size=50
attention_head_size=3
dropout=0.22919695968065026
hidden_continuous_size=13
max_epochs=500
