gradient_clip_val=0.09343593307020717
learning_rate=0.0017602699675787759
hidden_size=18
attention_head_size=1
dropout=0.21603695784674903
hidden_continuous_size=15
max_epochs=500
