gradient_clip_val=0.029511452568376
learning_rate=0.06224424820532474
hidden_size=60
attention_head_size=3
dropout=0.24934600305501292
hidden_continuous_size=26
max_epochs=500
