gradient_clip_val=0.21546881961351877
learning_rate=0.014265547612145537
hidden_size=34
attention_head_size=2
dropout=0.14693583270544716
hidden_continuous_size=17
max_epochs=500
