gradient_clip_val=0.019030601585145763
learning_rate=0.009094801134540188
hidden_size=29
attention_head_size=1
dropout=0.18752555327672266
hidden_continuous_size=17
max_epochs=500
