gradient_clip_val=0.10961487171219977
learning_rate=0.003086835692092179
hidden_size=14
attention_head_size=2
dropout=0.11122378340760618
hidden_continuous_size=8
max_epochs=500
