gradient_clip_val=0.6836615255803562
learning_rate=0.033956478966476814
hidden_size=71
attention_head_size=1
dropout=0.1818909400076278
hidden_continuous_size=53
max_epochs=500
