gradient_clip_val=0.088980882024959
learning_rate=0.0013851994707455152
hidden_size=95
attention_head_size=2
dropout=0.134755879118525
hidden_continuous_size=90
max_epochs=500
