gradient_clip_val=0.10898341586364797
learning_rate=0.08106615198465197
hidden_size=8
attention_head_size=4
dropout=0.1851202084704332
hidden_continuous_size=8
max_epochs=500
