gradient_clip_val=0.050213563892263155
learning_rate=0.0019709547306943323
hidden_size=101
attention_head_size=4
dropout=0.22763031820144256
hidden_continuous_size=37
max_epochs=500
