gradient_clip_val=0.09376095105606139
learning_rate=0.005733362963913852
hidden_size=60
attention_head_size=1
dropout=0.15821021857121936
hidden_continuous_size=15
max_epochs=500
