gradient_clip_val=0.014167676949734705
learning_rate=0.02401344705220801
hidden_size=93
attention_head_size=1
dropout=0.11108789039204942
hidden_continuous_size=44
max_epochs=500
