gradient_clip_val=0.17907322429228237
learning_rate=0.04462732226367344
hidden_size=95
attention_head_size=1
dropout=0.2388117699960201
hidden_continuous_size=10
max_epochs=500
