gradient_clip_val=0.630390500797913
learning_rate=0.004258083446466718
hidden_size=22
attention_head_size=2
dropout=0.13984405386451437
hidden_continuous_size=13
max_epochs=500
