gradient_clip_val=0.03533951614746348
learning_rate=0.018073294340511012
hidden_size=9
attention_head_size=1
dropout=0.2159795871680643
hidden_continuous_size=9
max_epochs=500
