gradient_clip_val=0.023105793431292782
learning_rate=0.0011324183905890815
hidden_size=23
attention_head_size=1
dropout=0.2892134939856996
hidden_continuous_size=14
max_epochs=500
