gradient_clip_val=0.0201546865099299
learning_rate=0.003739783861132896
hidden_size=93
attention_head_size=4
dropout=0.24637506548154142
hidden_continuous_size=25
max_epochs=500
