gradient_clip_val=0.016964969789560125
learning_rate=0.07892979889090881
hidden_size=67
attention_head_size=1
dropout=0.17281702545528757
hidden_continuous_size=60
max_epochs=500
