gradient_clip_val=0.013921797029633124
learning_rate=0.010022445905753125
hidden_size=9
attention_head_size=1
dropout=0.26818466393781554
hidden_continuous_size=8
max_epochs=500
