gradient_clip_val=0.09702483686639567
learning_rate=0.0653416964453886
hidden_size=22
attention_head_size=2
dropout=0.11450923231011345
hidden_continuous_size=8
max_epochs=500
