gradient_clip_val=0.04441883906530995
learning_rate=0.03374255462827456
hidden_size=8
attention_head_size=3
dropout=0.1322289146029692
hidden_continuous_size=8
max_epochs=500
