gradient_clip_val=0.5947899028907254
learning_rate=0.002062953834343599
hidden_size=29
attention_head_size=2
dropout=0.21504937788087614
hidden_continuous_size=14
max_epochs=500
