gradient_clip_val=0.6244095881997924
learning_rate=0.05997546649614005
hidden_size=15
attention_head_size=1
dropout=0.16483441066383725
hidden_continuous_size=13
max_epochs=500
