gradient_clip_val=0.053693512665795216
learning_rate=0.0016559463455795994
hidden_size=17
attention_head_size=4
dropout=0.26643839936375807
hidden_continuous_size=8
max_epochs=500
