gradient_clip_val=0.4434783911348634
learning_rate=0.004939404704274094
hidden_size=9
attention_head_size=1
dropout=0.15977110917626444
hidden_continuous_size=8
max_epochs=500
