gradient_clip_val=0.010565565978534813
learning_rate=0.0973294226392603
hidden_size=40
attention_head_size=2
dropout=0.2949108913567965
hidden_continuous_size=30
max_epochs=500
