gradient_clip_val=0.01080503581644841
learning_rate=0.007223083985916367
hidden_size=30
attention_head_size=2
dropout=0.27860943441605457
hidden_continuous_size=8
max_epochs=500
