gradient_clip_val=0.05856333022168786
learning_rate=0.05338438873650566
hidden_size=20
attention_head_size=2
dropout=0.2485069575420816
hidden_continuous_size=16
max_epochs=500
