gradient_clip_val=0.017950484139032604
learning_rate=0.0014498173837283672
hidden_size=12
attention_head_size=2
dropout=0.12335128083627607
hidden_continuous_size=11
max_epochs=500
