gradient_clip_val=0.1707035011315572
learning_rate=0.00351813561294684
hidden_size=86
attention_head_size=2
dropout=0.27091928162176127
hidden_continuous_size=8
max_epochs=500
