gradient_clip_val=0.08187030098460071
learning_rate=0.0138986019104145
hidden_size=36
attention_head_size=3
dropout=0.1823750635697073
hidden_continuous_size=8
max_epochs=500
