gradient_clip_val=0.04042687356649803
learning_rate=0.03105247590822954
hidden_size=18
attention_head_size=2
dropout=0.17870746537724846
hidden_continuous_size=10
max_epochs=500
