gradient_clip_val=0.021208417130567803
learning_rate=0.005284095649248815
hidden_size=35
attention_head_size=3
dropout=0.142081192369449
hidden_continuous_size=22
max_epochs=500
