gradient_clip_val=0.01796471828868462
learning_rate=0.001194243287332252
hidden_size=55
attention_head_size=3
dropout=0.12321404742001903
hidden_continuous_size=11
max_epochs=500
