gradient_clip_val=0.04381154506577947
learning_rate=0.010889448420490881
hidden_size=69
attention_head_size=3
dropout=0.16351501445882471
hidden_continuous_size=14
max_epochs=500
