gradient_clip_val=0.03151396877261195
learning_rate=0.0403288890808337
hidden_size=13
attention_head_size=2
dropout=0.22222670060992616
hidden_continuous_size=12
max_epochs=500
