gradient_clip_val=0.27318293507204894
learning_rate=0.001643367058380287
hidden_size=112
attention_head_size=2
dropout=0.26679463730200137
hidden_continuous_size=16
max_epochs=500
