gradient_clip_val=0.023255758749198687
learning_rate=0.024039510932203724
hidden_size=29
attention_head_size=4
dropout=0.13421887231083657
hidden_continuous_size=9
max_epochs=500
