gradient_clip_val=0.061036466134783716
learning_rate=0.016671703932638535
hidden_size=18
attention_head_size=3
dropout=0.29059017147790617
hidden_continuous_size=14
max_epochs=500
