gradient_clip_val=0.3504778155717407
learning_rate=0.08781783411605547
hidden_size=34
attention_head_size=4
dropout=0.11919691089227369
hidden_continuous_size=10
max_epochs=500
