gradient_clip_val=0.6912300390691775
learning_rate=0.009658634379292515
hidden_size=10
attention_head_size=2
dropout=0.291498096904531
hidden_continuous_size=9
max_epochs=500
