gradient_clip_val=0.4318082990557
learning_rate=0.0077747915486137825
hidden_size=24
attention_head_size=4
dropout=0.20756217319350323
hidden_continuous_size=14
max_epochs=500
