gradient_clip_val=0.18248614528704465
learning_rate=0.0818050474261585
hidden_size=17
attention_head_size=1
dropout=0.1361331208233702
hidden_continuous_size=8
max_epochs=500
