gradient_clip_val=0.40031476343733136
learning_rate=0.023374958081229875
hidden_size=27
attention_head_size=1
dropout=0.2082074252015717
hidden_continuous_size=16
max_epochs=500
