gradient_clip_val=0.04638367944751649
learning_rate=0.08449849468825801
hidden_size=60
attention_head_size=2
dropout=0.14934120678003304
hidden_continuous_size=20
max_epochs=500
