gradient_clip_val=0.05411086635464901
learning_rate=0.02749458706822349
hidden_size=23
attention_head_size=2
dropout=0.25388512382913697
hidden_continuous_size=11
max_epochs=500
