gradient_clip_val=0.07898132631103776
learning_rate=0.0014101663939818216
hidden_size=13
attention_head_size=2
dropout=0.29317776483980573
hidden_continuous_size=9
max_epochs=500
