gradient_clip_val=0.22533346496901585
learning_rate=0.058232499019723966
hidden_size=29
attention_head_size=4
dropout=0.1407482838938938
hidden_continuous_size=10
max_epochs=500
