gradient_clip_val=0.7258891360853116
learning_rate=0.0943516230311324
hidden_size=9
attention_head_size=4
dropout=0.2560068651725145
hidden_continuous_size=8
max_epochs=500
