gradient_clip_val=0.14067239737451984
learning_rate=0.09746283041892292
hidden_size=62
attention_head_size=3
dropout=0.2429422415497181
hidden_continuous_size=15
max_epochs=500
