gradient_clip_val=0.02636928141806479
learning_rate=0.014449143145353843
hidden_size=34
attention_head_size=4
dropout=0.11318395318227228
hidden_continuous_size=11
max_epochs=500
