gradient_clip_val=0.025101328427611952
learning_rate=0.0046662373756503756
hidden_size=25
attention_head_size=4
dropout=0.2450842788717696
hidden_continuous_size=19
max_epochs=500
