gradient_clip_val=0.22755744227475483
learning_rate=0.00578535235332191
hidden_size=10
attention_head_size=2
dropout=0.27699110526175774
hidden_continuous_size=9
max_epochs=500
