gradient_clip_val=0.4819986436621662
learning_rate=0.013402090254307133
hidden_size=19
attention_head_size=2
dropout=0.23167075199108364
hidden_continuous_size=10
max_epochs=500
