gradient_clip_val=0.12665408133441708
learning_rate=0.008106061181120512
hidden_size=15
attention_head_size=3
dropout=0.2889229551579001
hidden_continuous_size=10
max_epochs=500
