gradient_clip_val=0.9454270521560305
learning_rate=0.018269853410620873
hidden_size=38
attention_head_size=1
dropout=0.17575265330373502
hidden_continuous_size=12
max_epochs=500
