gradient_clip_val=0.33482934871232406
learning_rate=0.004159304959665845
hidden_size=71
attention_head_size=2
dropout=0.10361204048589806
hidden_continuous_size=22
max_epochs=500
