gradient_clip_val=0.05451937416468932
learning_rate=0.03259506811504726
hidden_size=15
attention_head_size=3
dropout=0.2876213272632226
hidden_continuous_size=8
max_epochs=500
