gradient_clip_val=0.2373314103418328
learning_rate=0.05355731828665556
hidden_size=128
attention_head_size=1
dropout=0.12554757482771522
hidden_continuous_size=121
max_epochs=500
