gradient_clip_val=0.7910433746476803
learning_rate=0.0010957897970670354
hidden_size=99
attention_head_size=4
dropout=0.2885209912614871
hidden_continuous_size=35
max_epochs=500
