gradient_clip_val=0.544092204244955
learning_rate=0.07880435128961724
hidden_size=65
attention_head_size=2
dropout=0.2880329514626302
hidden_continuous_size=53
max_epochs=500
