gradient_clip_val=0.017253216371736387
learning_rate=0.09479496897827373
hidden_size=17
attention_head_size=3
dropout=0.25761705996785866
hidden_continuous_size=14
max_epochs=500
