gradient_clip_val=0.015996143442296287
learning_rate=0.01870447673778449
hidden_size=43
attention_head_size=3
dropout=0.2364431137744486
hidden_continuous_size=10
max_epochs=500
