gradient_clip_val=0.0357671804487264
learning_rate=0.012234721023208262
hidden_size=64
attention_head_size=3
dropout=0.2570845587682008
hidden_continuous_size=38
max_epochs=500
