gradient_clip_val=0.011234132138231408
learning_rate=0.009927699337528609
hidden_size=107
attention_head_size=3
dropout=0.23175729974253167
hidden_continuous_size=31
max_epochs=500
