gradient_clip_val=0.010758404075041424
learning_rate=0.003214468055857852
hidden_size=46
attention_head_size=4
dropout=0.1885624242079228
hidden_continuous_size=28
max_epochs=500
