gradient_clip_val=0.29561106438168283
learning_rate=0.023518750917776592
hidden_size=46
attention_head_size=1
dropout=0.2184583058178938
hidden_continuous_size=38
max_epochs=500
