gradient_clip_val=0.6191687208638756
learning_rate=0.0013320579088784749
hidden_size=12
attention_head_size=3
dropout=0.10545686384780076
hidden_continuous_size=9
max_epochs=500
