gradient_clip_val=0.010805096156456381
learning_rate=0.044239556901365294
hidden_size=32
attention_head_size=3
dropout=0.12613436464334765
hidden_continuous_size=27
max_epochs=500
