gradient_clip_val=0.13374110209718754
learning_rate=0.004888926729445888
hidden_size=8
attention_head_size=2
dropout=0.28348921990143816
hidden_continuous_size=8
max_epochs=500
