gradient_clip_val=0.14953624154111822
learning_rate=0.049336578337455805
hidden_size=66
attention_head_size=3
dropout=0.23989473023036148
hidden_continuous_size=14
max_epochs=500
