gradient_clip_val=0.06170445850306611
learning_rate=0.006043401975958024
hidden_size=14
attention_head_size=2
dropout=0.1675286416961802
hidden_continuous_size=14
max_epochs=500
