gradient_clip_val=0.07403889873561156
learning_rate=0.0014254668380910061
hidden_size=37
attention_head_size=1
dropout=0.22361348212573823
hidden_continuous_size=8
max_epochs=500
