gradient_clip_val=0.27068711479787794
learning_rate=0.0027195301930661377
hidden_size=9
attention_head_size=1
dropout=0.1127992936560323
hidden_continuous_size=8
max_epochs=500
