gradient_clip_val=0.0537141919696385
learning_rate=0.0011674624847794696
hidden_size=127
attention_head_size=1
dropout=0.17356378568837863
hidden_continuous_size=11
max_epochs=500
