gradient_clip_val=0.19766547946098853
learning_rate=0.013498295689035864
hidden_size=18
attention_head_size=2
dropout=0.152186213382693
hidden_continuous_size=14
max_epochs=500
