gradient_clip_val=0.6444743692809054
learning_rate=0.02691909402626749
hidden_size=121
attention_head_size=3
dropout=0.13938429719343332
hidden_continuous_size=18
max_epochs=500
