gradient_clip_val=0.9902967893506058
learning_rate=0.0328204187965224
hidden_size=8
attention_head_size=3
dropout=0.15874397191178424
hidden_continuous_size=8
max_epochs=500
