gradient_clip_val=0.010590830670933488
learning_rate=0.06740181399933962
hidden_size=27
attention_head_size=1
dropout=0.22987943633111343
hidden_continuous_size=9
max_epochs=500
