gradient_clip_val=0.8882689077910754
learning_rate=0.06323942852007862
hidden_size=9
attention_head_size=4
dropout=0.29032510651707905
hidden_continuous_size=9
max_epochs=500
