gradient_clip_val=0.010821510526183612
learning_rate=0.026715446353532065
hidden_size=19
attention_head_size=1
dropout=0.234924173604986
hidden_continuous_size=13
max_epochs=500
