gradient_clip_val=0.04572328897009936
learning_rate=0.017684297268474546
hidden_size=46
attention_head_size=3
dropout=0.21722865003460406
hidden_continuous_size=14
max_epochs=500
