gradient_clip_val=0.06185866041785965
learning_rate=0.011117633951900997
hidden_size=13
attention_head_size=4
dropout=0.29498297411397434
hidden_continuous_size=13
max_epochs=500
