gradient_clip_val=0.014709299210293951
learning_rate=0.024873973063480836
hidden_size=66
attention_head_size=2
dropout=0.1915446548673676
hidden_continuous_size=34
max_epochs=500
