gradient_clip_val=0.9858716246398487
learning_rate=0.003885473814445847
hidden_size=17
attention_head_size=4
dropout=0.24110976121329722
hidden_continuous_size=13
max_epochs=500
