gradient_clip_val=0.011510494744832461
learning_rate=0.004905758672780408
hidden_size=73
attention_head_size=1
dropout=0.17392180776201716
hidden_continuous_size=46
max_epochs=500
