gradient_clip_val=0.27170497387814535
learning_rate=0.05011265734380927
hidden_size=15
attention_head_size=3
dropout=0.12222797429148145
hidden_continuous_size=10
max_epochs=500
