gradient_clip_val=0.01012506403382312
learning_rate=0.08667654999252897
hidden_size=12
attention_head_size=4
dropout=0.16168100421520165
hidden_continuous_size=12
max_epochs=500
