gradient_clip_val=0.1567752106389246
learning_rate=0.002460630253992431
hidden_size=113
attention_head_size=1
dropout=0.15392248362849018
hidden_continuous_size=34
max_epochs=500
