gradient_clip_val=0.0592635951676197
learning_rate=0.029910399527883658
hidden_size=41
attention_head_size=2
dropout=0.22034868070440994
hidden_continuous_size=23
max_epochs=500
