gradient_clip_val=0.06630244591341956
learning_rate=0.002036374784585338
hidden_size=78
attention_head_size=4
dropout=0.11034926200280766
hidden_continuous_size=27
max_epochs=500
