gradient_clip_val=0.09073811208727872
learning_rate=0.019368670772697744
hidden_size=17
attention_head_size=1
dropout=0.27396020851318403
hidden_continuous_size=10
max_epochs=500
