gradient_clip_val=0.7836071321054748
learning_rate=0.023540708935799355
hidden_size=17
attention_head_size=1
dropout=0.12049674130111782
hidden_continuous_size=12
max_epochs=500
