gradient_clip_val=0.8944274094380301
learning_rate=0.08944801930830443
hidden_size=35
attention_head_size=3
dropout=0.29629699138126836
hidden_continuous_size=8
max_epochs=500
