gradient_clip_val=0.06348726824258198
learning_rate=0.026233899066842165
hidden_size=24
attention_head_size=3
dropout=0.14209210876434042
hidden_continuous_size=14
max_epochs=500
