gradient_clip_val=0.49730780860316526
learning_rate=0.0049111189726167
hidden_size=16
attention_head_size=2
dropout=0.2873005077415549
hidden_continuous_size=10
max_epochs=500
