gradient_clip_val=0.16389813487499527
learning_rate=0.009653322525311767
hidden_size=46
attention_head_size=1
dropout=0.25539677762606294
hidden_continuous_size=17
max_epochs=500
