gradient_clip_val=0.2450724941847272
learning_rate=0.0012328768317753991
hidden_size=10
attention_head_size=2
dropout=0.20317862844167506
hidden_continuous_size=9
max_epochs=500
