gradient_clip_val=0.4054256876871744
learning_rate=0.013590462908881724
hidden_size=22
attention_head_size=2
dropout=0.11057577773253413
hidden_continuous_size=13
max_epochs=500
