gradient_clip_val=0.09285972609057837
learning_rate=0.06367133565672559
hidden_size=13
attention_head_size=4
dropout=0.2982835004504712
hidden_continuous_size=13
max_epochs=500
