gradient_clip_val=0.38037577732424055
learning_rate=0.0023858063807629818
hidden_size=119
attention_head_size=2
dropout=0.10618398238717759
hidden_continuous_size=118
max_epochs=500
