gradient_clip_val=0.1064560002296011
learning_rate=0.07158267566590876
hidden_size=17
attention_head_size=3
dropout=0.2936465626464396
hidden_continuous_size=9
max_epochs=500
