gradient_clip_val=0.015253199703519958
learning_rate=0.0017734142102006768
hidden_size=8
attention_head_size=1
dropout=0.2595780453179054
hidden_continuous_size=8
max_epochs=500
