gradient_clip_val=0.09472722303219439
learning_rate=0.044666968986859144
hidden_size=44
attention_head_size=2
dropout=0.15571933814214303
hidden_continuous_size=41
max_epochs=500
