gradient_clip_val=0.1190513279179704
learning_rate=0.0027113341150294223
hidden_size=22
attention_head_size=1
dropout=0.1418997392986499
hidden_continuous_size=18
max_epochs=500
