gradient_clip_val=0.1320561800618369
learning_rate=0.023995257653837407
hidden_size=10
attention_head_size=3
dropout=0.2823366908681447
hidden_continuous_size=8
max_epochs=500
