gradient_clip_val=0.016016129774267314
learning_rate=0.0011670052960108413
hidden_size=37
attention_head_size=2
dropout=0.25601269642621627
hidden_continuous_size=8
max_epochs=500
