gradient_clip_val=0.4831814046137687
learning_rate=0.027963240290906508
hidden_size=26
attention_head_size=4
dropout=0.2440053139126172
hidden_continuous_size=24
max_epochs=500
