gradient_clip_val=0.042995295444751766
learning_rate=0.020560173237163255
hidden_size=14
attention_head_size=4
dropout=0.14598512571588315
hidden_continuous_size=8
max_epochs=500
