gradient_clip_val=0.04022651214546781
learning_rate=0.0028409347767369563
hidden_size=87
attention_head_size=4
dropout=0.19772164976298462
hidden_continuous_size=15
max_epochs=500
