gradient_clip_val=0.12977774559156124
learning_rate=0.035584896076676927
hidden_size=53
attention_head_size=2
dropout=0.13767315597857763
hidden_continuous_size=21
max_epochs=500
