gradient_clip_val=0.02962127674686931
learning_rate=0.0731276931749772
hidden_size=70
attention_head_size=2
dropout=0.1328619316890503
hidden_continuous_size=13
max_epochs=500
