gradient_clip_val=0.1612245850977028
learning_rate=0.01652542459610921
hidden_size=55
attention_head_size=4
dropout=0.14296411778606283
hidden_continuous_size=44
max_epochs=500
