gradient_clip_val=0.3435485342351624
learning_rate=0.007448893104487166
hidden_size=71
attention_head_size=4
dropout=0.2825083808652275
hidden_continuous_size=38
max_epochs=500
