gradient_clip_val=0.03932965591352454
learning_rate=0.05585664954137939
hidden_size=23
attention_head_size=2
dropout=0.2839669211200063
hidden_continuous_size=11
max_epochs=500
