gradient_clip_val=0.20808338507248655
learning_rate=0.0766327596637024
hidden_size=24
attention_head_size=2
dropout=0.1189788581297032
hidden_continuous_size=8
max_epochs=500
