gradient_clip_val=0.08116544404366331
learning_rate=0.08617136688164613
hidden_size=99
attention_head_size=4
dropout=0.23949140861713553
hidden_continuous_size=57
max_epochs=500
