gradient_clip_val=0.30106615642478696
learning_rate=0.03482544887418582
hidden_size=20
attention_head_size=1
dropout=0.1290942270294579
hidden_continuous_size=20
max_epochs=500
