gradient_clip_val=0.05719327064837175
learning_rate=0.0026351336924057183
hidden_size=26
attention_head_size=3
dropout=0.28877691129988303
hidden_continuous_size=12
max_epochs=500
