gradient_clip_val=0.15801675990302394
learning_rate=0.027783372793129157
hidden_size=67
attention_head_size=3
dropout=0.11578233651815784
hidden_continuous_size=12
max_epochs=500
