gradient_clip_val=0.18103657791215289
learning_rate=0.021312769887827168
hidden_size=15
attention_head_size=2
dropout=0.17038367279519154
hidden_continuous_size=9
max_epochs=500
