gradient_clip_val=0.07996367431727053
learning_rate=0.01263803624044326
hidden_size=44
attention_head_size=1
dropout=0.13339090289283112
hidden_continuous_size=12
max_epochs=500
