gradient_clip_val=0.017125875713046097
learning_rate=0.0011266525721384273
hidden_size=9
attention_head_size=2
dropout=0.23009062664736807
hidden_continuous_size=8
max_epochs=500
