gradient_clip_val=0.48808862775716055
learning_rate=0.0010197669471744498
hidden_size=8
attention_head_size=1
dropout=0.2993823707304262
hidden_continuous_size=8
max_epochs=500
