gradient_clip_val=0.12761727866568914
learning_rate=0.01476226373775933
hidden_size=20
attention_head_size=1
dropout=0.23620551104201482
hidden_continuous_size=13
max_epochs=500
