gradient_clip_val=0.09209097752299923
learning_rate=0.003866820135905692
hidden_size=64
attention_head_size=4
dropout=0.232062140406318
hidden_continuous_size=17
max_epochs=500
