gradient_clip_val=0.08735107732976864
learning_rate=0.01070614158541371
hidden_size=29
attention_head_size=4
dropout=0.17910437684830618
hidden_continuous_size=14
max_epochs=500
