gradient_clip_val=0.017472596225844027
learning_rate=0.008247412114346313
hidden_size=11
attention_head_size=2
dropout=0.17210636806180837
hidden_continuous_size=11
max_epochs=500
