gradient_clip_val=0.07221099346521466
learning_rate=0.004741905327755039
hidden_size=9
attention_head_size=1
dropout=0.2111359414638313
hidden_continuous_size=8
max_epochs=500
