gradient_clip_val=0.015934783843029127
learning_rate=0.010935786680941586
hidden_size=28
attention_head_size=1
dropout=0.24521616397849402
hidden_continuous_size=15
max_epochs=500
