gradient_clip_val=0.014833140352228037
learning_rate=0.00385422066452038
hidden_size=11
attention_head_size=4
dropout=0.2188240694538328
hidden_continuous_size=10
max_epochs=500
