gradient_clip_val=0.31965270592728906
learning_rate=0.0076300496325026265
hidden_size=115
attention_head_size=1
dropout=0.20433349986571703
hidden_continuous_size=23
max_epochs=500
