gradient_clip_val=0.15089890139832737
learning_rate=0.0016891836106484293
hidden_size=86
attention_head_size=3
dropout=0.13894206799719028
hidden_continuous_size=33
max_epochs=500
