gradient_clip_val=0.02818008845107259
learning_rate=0.008282521479525528
hidden_size=100
attention_head_size=3
dropout=0.10730622607915104
hidden_continuous_size=11
max_epochs=500
