gradient_clip_val=0.25762645335513257
learning_rate=0.005632526229230042
hidden_size=22
attention_head_size=3
dropout=0.14161873122310428
hidden_continuous_size=9
max_epochs=500
