gradient_clip_val=0.0175132150094301
learning_rate=0.0011313630178841343
hidden_size=47
attention_head_size=3
dropout=0.2723677898038792
hidden_continuous_size=46
max_epochs=500
