gradient_clip_val=0.026815197941476406
learning_rate=0.0032749933748233533
hidden_size=16
attention_head_size=3
dropout=0.1306766071888544
hidden_continuous_size=14
max_epochs=500
