gradient_clip_val=0.15177442364337965
learning_rate=0.08064145232607915
hidden_size=30
attention_head_size=2
dropout=0.13846942514578672
hidden_continuous_size=11
max_epochs=500
