gradient_clip_val=0.13072071845136068
learning_rate=0.08113379186716384
hidden_size=73
attention_head_size=3
dropout=0.12499262225728894
hidden_continuous_size=9
max_epochs=500
