gradient_clip_val=0.24366832548067674
learning_rate=0.019098869616966753
hidden_size=56
attention_head_size=4
dropout=0.17705603046392368
hidden_continuous_size=40
max_epochs=500
