gradient_clip_val=0.9535526981883781
learning_rate=0.001675247929974147
hidden_size=20
attention_head_size=2
dropout=0.10509525396805444
hidden_continuous_size=8
max_epochs=500
