gradient_clip_val=0.047514856678843705
learning_rate=0.0036332413975115204
hidden_size=19
attention_head_size=3
dropout=0.11580998384919546
hidden_continuous_size=12
max_epochs=500
