gradient_clip_val=0.031734961222020325
learning_rate=0.003227022523272456
hidden_size=62
attention_head_size=3
dropout=0.17621934208758488
hidden_continuous_size=36
max_epochs=500
