gradient_clip_val=0.9019420644904422
learning_rate=0.005360006554046649
hidden_size=57
attention_head_size=2
dropout=0.29272150513264994
hidden_continuous_size=37
max_epochs=500
