gradient_clip_val=0.012938803437245265
learning_rate=0.07705973624255073
hidden_size=46
attention_head_size=4
dropout=0.29508929104637716
hidden_continuous_size=36
max_epochs=500
