gradient_clip_val=0.32642331865115615
learning_rate=0.08955452980290801
hidden_size=20
attention_head_size=1
dropout=0.2604699400996857
hidden_continuous_size=15
max_epochs=500
