gradient_clip_val=0.07270356276976855
learning_rate=0.0028784704486361453
hidden_size=98
attention_head_size=2
dropout=0.24548737390298617
hidden_continuous_size=9
max_epochs=500
