gradient_clip_val=0.587767310543638
learning_rate=0.002605996659338923
hidden_size=97
attention_head_size=2
dropout=0.2538789431705395
hidden_continuous_size=9
max_epochs=500
