gradient_clip_val=0.04526448917256116
learning_rate=0.036604608784439725
hidden_size=50
attention_head_size=1
dropout=0.10254802049471162
hidden_continuous_size=11
max_epochs=500
