gradient_clip_val=0.2608122044726473
learning_rate=0.009284320605906103
hidden_size=93
attention_head_size=3
dropout=0.115620428611097
hidden_continuous_size=53
max_epochs=500
