gradient_clip_val=0.022018587199609096
learning_rate=0.06033162384968534
hidden_size=15
attention_head_size=3
dropout=0.2490440662297044
hidden_continuous_size=9
max_epochs=500
