gradient_clip_val=0.09941986318382076
learning_rate=0.02180856274110752
hidden_size=46
attention_head_size=1
dropout=0.22216618994135762
hidden_continuous_size=9
max_epochs=500
