gradient_clip_val=0.054325484051515
learning_rate=0.015307333557910835
hidden_size=8
attention_head_size=4
dropout=0.13973526187430013
hidden_continuous_size=8
max_epochs=500
