gradient_clip_val=0.07360587251892957
learning_rate=0.002767212983548177
hidden_size=54
attention_head_size=3
dropout=0.28359650819371307
hidden_continuous_size=45
max_epochs=500
