gradient_clip_val=0.5245778652794849
learning_rate=0.00902457339535756
hidden_size=22
attention_head_size=4
dropout=0.28864947348375014
hidden_continuous_size=19
max_epochs=500
