gradient_clip_val=0.04392782723580824
learning_rate=0.001441309170231463
hidden_size=20
attention_head_size=2
dropout=0.2230519981407178
hidden_continuous_size=14
max_epochs=500
