gradient_clip_val=0.04644082990685233
learning_rate=0.012514217652879429
hidden_size=9
attention_head_size=4
dropout=0.24857189755292614
hidden_continuous_size=8
max_epochs=500
