gradient_clip_val=0.012568953534641296
learning_rate=0.05419991893537433
hidden_size=83
attention_head_size=2
dropout=0.12297960652496678
hidden_continuous_size=54
max_epochs=500
