gradient_clip_val=0.06182391967195759
learning_rate=0.012050499557398169
hidden_size=21
attention_head_size=4
dropout=0.23086735751552948
hidden_continuous_size=18
max_epochs=500
