gradient_clip_val=0.8384867454785231
learning_rate=0.001537316384158959
hidden_size=10
attention_head_size=4
dropout=0.2789221490174355
hidden_continuous_size=8
max_epochs=500
