gradient_clip_val=0.32977008671560015
learning_rate=0.0612140713038408
hidden_size=89
attention_head_size=2
dropout=0.24808881239573835
hidden_continuous_size=84
max_epochs=500
