gradient_clip_val=0.18683846646553792
learning_rate=0.006455590545956588
hidden_size=31
attention_head_size=1
dropout=0.2555741201416599
hidden_continuous_size=26
max_epochs=500
