gradient_clip_val=0.10279995094337789
learning_rate=0.08199350679459322
hidden_size=12
attention_head_size=3
dropout=0.291613797207653
hidden_continuous_size=8
max_epochs=500
