gradient_clip_val=0.057079242769632256
learning_rate=0.0013659007727664424
hidden_size=64
attention_head_size=4
dropout=0.10338402590306098
hidden_continuous_size=14
max_epochs=500
