gradient_clip_val=0.8585413804168119
learning_rate=0.008663097128155349
hidden_size=20
attention_head_size=4
dropout=0.24674723950243577
hidden_continuous_size=19
max_epochs=500
