gradient_clip_val=0.08078009155040748
learning_rate=0.006215925790360498
hidden_size=25
attention_head_size=4
dropout=0.29651480607702574
hidden_continuous_size=8
max_epochs=500
