gradient_clip_val=0.06306254403698931
learning_rate=0.07836869874989494
hidden_size=11
attention_head_size=1
dropout=0.29117754609258073
hidden_continuous_size=10
max_epochs=500
