gradient_clip_val=0.6472375521678113
learning_rate=0.049039979875325705
hidden_size=9
attention_head_size=3
dropout=0.16011660859622526
hidden_continuous_size=9
max_epochs=500
