gradient_clip_val=0.3741727913657537
learning_rate=0.09243770033593936
hidden_size=20
attention_head_size=2
dropout=0.11221716938420166
hidden_continuous_size=12
max_epochs=500
