gradient_clip_val=0.012113235429307884
learning_rate=0.04489415051006209
hidden_size=73
attention_head_size=4
dropout=0.1578888471951368
hidden_continuous_size=8
max_epochs=500
