gradient_clip_val=0.8217169958012605
learning_rate=0.006063562302303676
hidden_size=111
attention_head_size=1
dropout=0.25564913261472233
hidden_continuous_size=17
max_epochs=500
