gradient_clip_val=0.13938577895153
learning_rate=0.059286584552110985
hidden_size=15
attention_head_size=2
dropout=0.1546871196640763
hidden_continuous_size=9
max_epochs=500
