gradient_clip_val=0.03936253644565944
learning_rate=0.09431519637004793
hidden_size=13
attention_head_size=4
dropout=0.14821361968747987
hidden_continuous_size=10
max_epochs=500
