gradient_clip_val=0.0822964070911115
learning_rate=0.02878770314363717
hidden_size=13
attention_head_size=2
dropout=0.19200107120373733
hidden_continuous_size=10
max_epochs=500
