gradient_clip_val=0.01310849249015508
learning_rate=0.021728208407388032
hidden_size=9
attention_head_size=3
dropout=0.2941626110141726
hidden_continuous_size=8
max_epochs=500
