gradient_clip_val=0.6992479709864727
learning_rate=0.0012481076016268818
hidden_size=113
attention_head_size=2
dropout=0.2966627886635952
hidden_continuous_size=43
max_epochs=500
