gradient_clip_val=0.20669330920095855
learning_rate=0.018119358545371115
hidden_size=20
attention_head_size=1
dropout=0.21272329446915905
hidden_continuous_size=10
max_epochs=500
