gradient_clip_val=0.017185340872228252
learning_rate=0.021889403204489632
hidden_size=9
attention_head_size=2
dropout=0.23182684162356218
hidden_continuous_size=9
max_epochs=500
