gradient_clip_val=0.6149307118022587
learning_rate=0.0028013720871965745
hidden_size=115
attention_head_size=3
dropout=0.12066775748923425
hidden_continuous_size=10
max_epochs=500
