gradient_clip_val=0.01809940464433316
learning_rate=0.03662898711918674
hidden_size=19
attention_head_size=3
dropout=0.13869520795182716
hidden_continuous_size=10
max_epochs=500
