gradient_clip_val=0.03329453661891771
learning_rate=0.00432971764845514
hidden_size=31
attention_head_size=2
dropout=0.17571535708541136
hidden_continuous_size=17
max_epochs=500
