gradient_clip_val=0.0622264252033371
learning_rate=0.0020852278587903893
hidden_size=19
attention_head_size=2
dropout=0.24885277916507487
hidden_continuous_size=13
max_epochs=500
