gradient_clip_val=0.017672469041377904
learning_rate=0.024753039102004666
hidden_size=84
attention_head_size=4
dropout=0.24313810260168417
hidden_continuous_size=48
max_epochs=500
