gradient_clip_val=0.10771774576826827
learning_rate=0.017761094345503315
hidden_size=85
attention_head_size=3
dropout=0.2032758434739612
hidden_continuous_size=11
max_epochs=500
