gradient_clip_val=0.14369029779272754
learning_rate=0.0024143527259400514
hidden_size=64
attention_head_size=3
dropout=0.16884889133181782
hidden_continuous_size=12
max_epochs=500
