gradient_clip_val=0.04575742682296587
learning_rate=0.0035122025420211284
hidden_size=14
attention_head_size=2
dropout=0.2687840225215242
hidden_continuous_size=10
max_epochs=500
