gradient_clip_val=0.028886108919949936
learning_rate=0.01917441710214503
hidden_size=63
attention_head_size=4
dropout=0.13275188256152404
hidden_continuous_size=44
max_epochs=500
