gradient_clip_val=0.47546931845746904
learning_rate=0.003166697136951972
hidden_size=55
attention_head_size=3
dropout=0.2754561384056814
hidden_continuous_size=9
max_epochs=500
