gradient_clip_val=0.07309244526939428
learning_rate=0.0033471074240509577
hidden_size=13
attention_head_size=3
dropout=0.2818748391434469
hidden_continuous_size=11
max_epochs=500
