gradient_clip_val=0.015874514144982175
learning_rate=0.03104655508008636
hidden_size=86
attention_head_size=4
dropout=0.2951126517496113
hidden_continuous_size=20
max_epochs=500
