gradient_clip_val=0.019701359252476944
learning_rate=0.020417857319334796
hidden_size=75
attention_head_size=2
dropout=0.2515331401811901
hidden_continuous_size=10
max_epochs=500
