gradient_clip_val=0.7009489920881652
learning_rate=0.001025654460453988
hidden_size=58
attention_head_size=1
dropout=0.24414407675054148
hidden_continuous_size=22
max_epochs=500
