gradient_clip_val=0.048769777372109545
learning_rate=0.04977682650293523
hidden_size=23
attention_head_size=1
dropout=0.21476984753334538
hidden_continuous_size=22
max_epochs=500
