gradient_clip_val=0.059791567185801295
learning_rate=0.007441318496026751
hidden_size=19
attention_head_size=3
dropout=0.25025029858268594
hidden_continuous_size=9
max_epochs=500
