gradient_clip_val=0.01964555190344841
learning_rate=0.0011210031405098281
hidden_size=78
attention_head_size=4
dropout=0.14521982328435673
hidden_continuous_size=10
max_epochs=500
