gradient_clip_val=0.1990803234768977
learning_rate=0.025579528587676863
hidden_size=18
attention_head_size=1
dropout=0.24261868164613384
hidden_continuous_size=16
max_epochs=500
