gradient_clip_val=0.3956926645745718
learning_rate=0.0013209280704511482
hidden_size=39
attention_head_size=3
dropout=0.26330895089074835
hidden_continuous_size=38
max_epochs=500
