gradient_clip_val=0.046102732387655124
learning_rate=0.014808344119753434
hidden_size=26
attention_head_size=1
dropout=0.11741305729399348
hidden_continuous_size=9
max_epochs=500
