gradient_clip_val=0.39493171906848146
learning_rate=0.03020034100028585
hidden_size=31
attention_head_size=4
dropout=0.2458926291136735
hidden_continuous_size=21
max_epochs=500
