gradient_clip_val=0.019154892168920565
learning_rate=0.0016999912366381551
hidden_size=105
attention_head_size=4
dropout=0.12275109050682245
hidden_continuous_size=36
max_epochs=500
