gradient_clip_val=0.5693697828842963
learning_rate=0.05712755286347282
hidden_size=13
attention_head_size=2
dropout=0.160094631911871
hidden_continuous_size=11
max_epochs=500
