gradient_clip_val=0.27013156600406757
learning_rate=0.08598115443131853
hidden_size=10
attention_head_size=2
dropout=0.15795405297146212
hidden_continuous_size=9
max_epochs=500
