gradient_clip_val=0.2029571391688519
learning_rate=0.016064223999901345
hidden_size=8
attention_head_size=4
dropout=0.10072005137260875
hidden_continuous_size=8
max_epochs=500
