gradient_clip_val=0.12770685949740762
learning_rate=0.009746408233505456
hidden_size=8
attention_head_size=3
dropout=0.13103132188723368
hidden_continuous_size=8
max_epochs=500
