gradient_clip_val=0.015127678194158984
learning_rate=0.00615077477928565
hidden_size=73
attention_head_size=4
dropout=0.1581980178601373
hidden_continuous_size=54
max_epochs=500
