gradient_clip_val=0.061145556219349584
learning_rate=0.0012723118182894429
hidden_size=31
attention_head_size=4
dropout=0.1013372617924133
hidden_continuous_size=15
max_epochs=500
