gradient_clip_val=0.42708789798510377
learning_rate=0.002225177386126154
hidden_size=13
attention_head_size=3
dropout=0.22174206470199476
hidden_continuous_size=11
max_epochs=500
