gradient_clip_val=0.12676711049646272
learning_rate=0.06673121576294372
hidden_size=9
attention_head_size=2
dropout=0.21961506643806883
hidden_continuous_size=9
max_epochs=500
