gradient_clip_val=0.03674468690271766
learning_rate=0.0025453151458733787
hidden_size=8
attention_head_size=3
dropout=0.24732316747318261
hidden_continuous_size=8
max_epochs=500
