gradient_clip_val=0.22282452207268888
learning_rate=0.0028007069473018047
hidden_size=15
attention_head_size=2
dropout=0.1371412728549221
hidden_continuous_size=8
max_epochs=500
