gradient_clip_val=0.010697490378503984
learning_rate=0.007747344365122917
hidden_size=62
attention_head_size=3
dropout=0.12671077541622977
hidden_continuous_size=40
max_epochs=500
