gradient_clip_val=0.8086950118264592
learning_rate=0.0981984676837367
hidden_size=44
attention_head_size=4
dropout=0.20415157363658132
hidden_continuous_size=20
max_epochs=500
