gradient_clip_val=0.02430909677597087
learning_rate=0.002501964811343419
hidden_size=19
attention_head_size=3
dropout=0.15614602310144407
hidden_continuous_size=8
max_epochs=500
