gradient_clip_val=0.07549024308689253
learning_rate=0.035230290105013516
hidden_size=108
attention_head_size=2
dropout=0.21264198314588686
hidden_continuous_size=8
max_epochs=500
