gradient_clip_val=0.2831220812597192
learning_rate=0.013593949272075054
hidden_size=36
attention_head_size=3
dropout=0.13560140097615936
hidden_continuous_size=19
max_epochs=500
