gradient_clip_val=0.5835041875291709
learning_rate=0.009050635714965675
hidden_size=117
attention_head_size=3
dropout=0.28960175190668674
hidden_continuous_size=32
max_epochs=500
