gradient_clip_val=0.036243799698564644
learning_rate=0.0016718986691861616
hidden_size=32
attention_head_size=1
dropout=0.18965882951173968
hidden_continuous_size=12
max_epochs=500
