gradient_clip_val=0.015625907071350476
learning_rate=0.018192705657467223
hidden_size=32
attention_head_size=2
dropout=0.21292063241617606
hidden_continuous_size=11
max_epochs=500
