gradient_clip_val=0.034592035497814276
learning_rate=0.0023809930592005586
hidden_size=113
attention_head_size=3
dropout=0.20548245729486742
hidden_continuous_size=60
max_epochs=500
