gradient_clip_val=0.6845998790721306
learning_rate=0.01292441834750589
hidden_size=61
attention_head_size=3
dropout=0.168805734536833
hidden_continuous_size=8
max_epochs=500
