gradient_clip_val=0.0171909421667996
learning_rate=0.06724160165850028
hidden_size=13
attention_head_size=3
dropout=0.11565092966339474
hidden_continuous_size=8
max_epochs=500
