gradient_clip_val=0.06802765452075842
learning_rate=0.0013058955718012117
hidden_size=17
attention_head_size=3
dropout=0.2914293288585097
hidden_continuous_size=13
max_epochs=500
