gradient_clip_val=0.01486479083352681
learning_rate=0.004331516376878427
hidden_size=14
attention_head_size=3
dropout=0.2677436765279768
hidden_continuous_size=10
max_epochs=500
