gradient_clip_val=0.08268688050366584
learning_rate=0.0019878866943396404
hidden_size=19
attention_head_size=2
dropout=0.23952436555117734
hidden_continuous_size=15
max_epochs=500
