gradient_clip_val=0.1715281424350203
learning_rate=0.002520749323367868
hidden_size=10
attention_head_size=4
dropout=0.2034753772741444
hidden_continuous_size=10
max_epochs=500
