gradient_clip_val=0.6911310477455844
learning_rate=0.056542970984782205
hidden_size=26
attention_head_size=4
dropout=0.22180713766966131
hidden_continuous_size=15
max_epochs=500
