gradient_clip_val=0.3525670692814241
learning_rate=0.008772436164974598
hidden_size=11
attention_head_size=3
dropout=0.13712084280742168
hidden_continuous_size=8
max_epochs=500
