gradient_clip_val=0.7242056615882522
learning_rate=0.012067577415103628
hidden_size=13
attention_head_size=1
dropout=0.2753354341977887
hidden_continuous_size=13
max_epochs=500
