gradient_clip_val=0.08257084820718243
learning_rate=0.01671947556829309
hidden_size=10
attention_head_size=3
dropout=0.256797324762996
hidden_continuous_size=8
max_epochs=500
