gradient_clip_val=0.051818622875622
learning_rate=0.004172835022612777
hidden_size=34
attention_head_size=4
dropout=0.14059086033234305
hidden_continuous_size=9
max_epochs=500
