gradient_clip_val=0.05424130287627451
learning_rate=0.0013228267331065787
hidden_size=74
attention_head_size=4
dropout=0.12052864695231202
hidden_continuous_size=68
max_epochs=500
