gradient_clip_val=0.717227453085819
learning_rate=0.017525301563705086
hidden_size=13
attention_head_size=2
dropout=0.17204569177360707
hidden_continuous_size=11
max_epochs=500
