gradient_clip_val=0.02884891102483869
learning_rate=0.08475784606473422
hidden_size=23
attention_head_size=2
dropout=0.1472433311439761
hidden_continuous_size=11
max_epochs=500
