gradient_clip_val=0.376759622066603
learning_rate=0.021823709499011506
hidden_size=17
attention_head_size=3
dropout=0.2892630454761873
hidden_continuous_size=9
max_epochs=500
