gradient_clip_val=0.5174730868814824
learning_rate=0.07832933262789506
hidden_size=13
attention_head_size=3
dropout=0.11395610021562652
hidden_continuous_size=13
max_epochs=500
