gradient_clip_val=0.07496289327219009
learning_rate=0.009551000130644511
hidden_size=14
attention_head_size=4
dropout=0.12365027509681617
hidden_continuous_size=8
max_epochs=500
