gradient_clip_val=0.07658147722955928
learning_rate=0.003950007591927792
hidden_size=72
attention_head_size=3
dropout=0.2537966916772748
hidden_continuous_size=13
max_epochs=500
