gradient_clip_val=0.013241113330898226
learning_rate=0.019239787331204006
hidden_size=37
attention_head_size=4
dropout=0.24187295983811227
hidden_continuous_size=9
max_epochs=500
