gradient_clip_val=0.6156812789263497
learning_rate=0.07480204314414614
hidden_size=50
attention_head_size=2
dropout=0.28984928935856946
hidden_continuous_size=15
max_epochs=500
