gradient_clip_val=0.9497113229357912
learning_rate=0.030729830642907973
hidden_size=76
attention_head_size=2
dropout=0.2929158881037148
hidden_continuous_size=19
max_epochs=500
