gradient_clip_val=0.22241798284128694
learning_rate=0.0023552565243199096
hidden_size=125
attention_head_size=3
dropout=0.24958169105836464
hidden_continuous_size=38
max_epochs=500
