gradient_clip_val=0.11346480595378418
learning_rate=0.06174190143824254
hidden_size=53
attention_head_size=2
dropout=0.296598585262615
hidden_continuous_size=19
max_epochs=500
