gradient_clip_val=0.5501567210331234
learning_rate=0.021394746811762864
hidden_size=40
attention_head_size=1
dropout=0.1650118629131916
hidden_continuous_size=9
max_epochs=500
