gradient_clip_val=0.023934476073153976
learning_rate=0.0035328318562598605
hidden_size=17
attention_head_size=4
dropout=0.2883574543037244
hidden_continuous_size=9
max_epochs=500
