gradient_clip_val=0.011686043884789303
learning_rate=0.005727116880787936
hidden_size=25
attention_head_size=2
dropout=0.1396709764689683
hidden_continuous_size=20
max_epochs=500
