gradient_clip_val=0.011869661921372333
learning_rate=0.007399324645145396
hidden_size=67
attention_head_size=3
dropout=0.14819714732220476
hidden_continuous_size=47
max_epochs=500
