gradient_clip_val=0.17132748000403442
learning_rate=0.024850425850318745
hidden_size=8
attention_head_size=2
dropout=0.16183790314090407
hidden_continuous_size=8
max_epochs=500
