gradient_clip_val=0.5535890329300321
learning_rate=0.0010023172128281021
hidden_size=107
attention_head_size=2
dropout=0.1604907464792785
hidden_continuous_size=46
max_epochs=500
