gradient_clip_val=0.011367054550811249
learning_rate=0.004803398866279635
hidden_size=62
attention_head_size=4
dropout=0.13013439719529515
hidden_continuous_size=13
max_epochs=500
