gradient_clip_val=0.37339791777649617
learning_rate=0.06333987265912061
hidden_size=19
attention_head_size=4
dropout=0.27045214873352547
hidden_continuous_size=17
max_epochs=500
