gradient_clip_val=0.08006424180843487
learning_rate=0.03343620968028375
hidden_size=65
attention_head_size=2
dropout=0.2791878024317781
hidden_continuous_size=11
max_epochs=500
