gradient_clip_val=0.012920575031738166
learning_rate=0.004045389256621866
hidden_size=52
attention_head_size=4
dropout=0.11152025533872945
hidden_continuous_size=20
max_epochs=500
