gradient_clip_val=0.014296541299530651
learning_rate=0.019589069544032965
hidden_size=13
attention_head_size=3
dropout=0.2941977143601468
hidden_continuous_size=10
max_epochs=500
