gradient_clip_val=0.4282066877709479
learning_rate=0.03695534547187465
hidden_size=118
attention_head_size=1
dropout=0.17411149584281718
hidden_continuous_size=14
max_epochs=500
