gradient_clip_val=0.011577625748603564
learning_rate=0.0014180091559833324
hidden_size=127
attention_head_size=3
dropout=0.18133381199783874
hidden_continuous_size=10
max_epochs=500
