gradient_clip_val=0.24300450518706943
learning_rate=0.032467898973445965
hidden_size=16
attention_head_size=2
dropout=0.25628097137159445
hidden_continuous_size=8
max_epochs=500
