gradient_clip_val=0.24881818189111155
learning_rate=0.014583613340244172
hidden_size=24
attention_head_size=2
dropout=0.23900300886863332
hidden_continuous_size=14
max_epochs=500
