gradient_clip_val=0.29727777089461893
learning_rate=0.02478424400975902
hidden_size=17
attention_head_size=4
dropout=0.12386571390493047
hidden_continuous_size=8
max_epochs=500
