gradient_clip_val=0.017587371798389127
learning_rate=0.09465368362900052
hidden_size=30
attention_head_size=3
dropout=0.14510274275398496
hidden_continuous_size=29
max_epochs=500
