gradient_clip_val=0.02016590490437657
learning_rate=0.0021486662076623054
hidden_size=48
attention_head_size=1
dropout=0.17615160790285883
hidden_continuous_size=9
max_epochs=500
