gradient_clip_val=0.016536303408127943
learning_rate=0.03939345066279397
hidden_size=86
attention_head_size=1
dropout=0.2224702291175966
hidden_continuous_size=21
max_epochs=500
