gradient_clip_val=0.02343699436381678
learning_rate=0.0012348721779656035
hidden_size=13
attention_head_size=1
dropout=0.16956530532999195
hidden_continuous_size=11
max_epochs=500
