gradient_clip_val=0.5691396408956428
learning_rate=0.01713996651222447
hidden_size=22
attention_head_size=1
dropout=0.27722657743844015
hidden_continuous_size=15
max_epochs=500
