gradient_clip_val=0.17164347919511697
learning_rate=0.002244231798712168
hidden_size=21
attention_head_size=4
dropout=0.18926584921652206
hidden_continuous_size=20
max_epochs=500
