gradient_clip_val=0.06824827163981932
learning_rate=0.0029139374082009506
hidden_size=43
attention_head_size=3
dropout=0.16794030031696594
hidden_continuous_size=19
max_epochs=500
