gradient_clip_val=0.12488194699177185
learning_rate=0.03420226559603752
hidden_size=45
attention_head_size=4
dropout=0.1579899531022699
hidden_continuous_size=41
max_epochs=500
