gradient_clip_val=0.4202367802203867
learning_rate=0.0014171164190717334
hidden_size=62
attention_head_size=1
dropout=0.13829719898746212
hidden_continuous_size=20
max_epochs=500
