gradient_clip_val=0.050453541123454695
learning_rate=0.0011017532682557338
hidden_size=29
attention_head_size=4
dropout=0.19570708254665237
hidden_continuous_size=14
max_epochs=500
