gradient_clip_val=0.026623055313892068
learning_rate=0.03283763455319665
hidden_size=76
attention_head_size=3
dropout=0.21460021489631825
hidden_continuous_size=46
max_epochs=500
