gradient_clip_val=0.02114237623052983
learning_rate=0.015904575032088274
hidden_size=9
attention_head_size=2
dropout=0.1940949405404782
hidden_continuous_size=9
max_epochs=500
