gradient_clip_val=0.011076133511496647
learning_rate=0.004370106115980584
hidden_size=37
attention_head_size=4
dropout=0.1097156488340143
hidden_continuous_size=15
max_epochs=500
