gradient_clip_val=0.35888776235501735
learning_rate=0.006542145231008709
hidden_size=113
attention_head_size=4
dropout=0.1710148853834972
hidden_continuous_size=102
max_epochs=500
