gradient_clip_val=0.013150965789274173
learning_rate=0.08842483724429606
hidden_size=31
attention_head_size=1
dropout=0.11490972647077663
hidden_continuous_size=19
max_epochs=500
