gradient_clip_val=0.06687085322164267
learning_rate=0.034763124104098084
hidden_size=52
attention_head_size=2
dropout=0.2445994983490513
hidden_continuous_size=44
max_epochs=500
