gradient_clip_val=0.13043816031371627
learning_rate=0.004185661606014462
hidden_size=68
attention_head_size=1
dropout=0.20651734168581112
hidden_continuous_size=25
max_epochs=500
