gradient_clip_val=0.40883543786256454
learning_rate=0.009207605932546254
hidden_size=12
attention_head_size=4
dropout=0.1485360209815015
hidden_continuous_size=10
max_epochs=500
