gradient_clip_val=0.04043294011867994
learning_rate=0.0014829418721739806
hidden_size=44
attention_head_size=2
dropout=0.13797837310997413
hidden_continuous_size=9
max_epochs=500
