gradient_clip_val=0.013641233925181287
learning_rate=0.02669361383955465
hidden_size=89
attention_head_size=2
dropout=0.28643740966264886
hidden_continuous_size=36
max_epochs=500
