gradient_clip_val=0.266716687936565
learning_rate=0.05483306623502008
hidden_size=15
attention_head_size=3
dropout=0.1352591660169053
hidden_continuous_size=10
max_epochs=500
