gradient_clip_val=0.271501109475903
learning_rate=0.0022682212095013064
hidden_size=86
attention_head_size=1
dropout=0.25807579869951264
hidden_continuous_size=25
max_epochs=500
