gradient_clip_val=0.4356940428809263
learning_rate=0.03810109380519814
hidden_size=9
attention_head_size=4
dropout=0.27908755392712903
hidden_continuous_size=8
max_epochs=500
