gradient_clip_val=0.0363392844817581
learning_rate=0.03175277856309118
hidden_size=117
attention_head_size=4
dropout=0.16692278031471908
hidden_continuous_size=20
max_epochs=500
