gradient_clip_val=0.013838172046412788
learning_rate=0.0014920603503815672
hidden_size=66
attention_head_size=2
dropout=0.1511754931556502
hidden_continuous_size=30
max_epochs=500
