gradient_clip_val=0.708109785685926
learning_rate=0.00958954585330379
hidden_size=45
attention_head_size=2
dropout=0.13000428559460883
hidden_continuous_size=10
max_epochs=500
