gradient_clip_val=0.37042083556803246
learning_rate=0.03090386770814302
hidden_size=9
attention_head_size=4
dropout=0.22832456486782068
hidden_continuous_size=8
max_epochs=500
