gradient_clip_val=0.013557036805239508
learning_rate=0.0020153505425762547
hidden_size=13
attention_head_size=1
dropout=0.29798906112894297
hidden_continuous_size=12
max_epochs=500
