gradient_clip_val=0.05385241793636221
learning_rate=0.0028399301735040987
hidden_size=9
attention_head_size=4
dropout=0.25987276019864747
hidden_continuous_size=9
max_epochs=500
