gradient_clip_val=0.02430176835545467
learning_rate=0.061933113631202644
hidden_size=16
attention_head_size=2
dropout=0.19834226512908326
hidden_continuous_size=9
max_epochs=500
