gradient_clip_val=0.07684224837951463
learning_rate=0.02811618244851999
hidden_size=70
attention_head_size=2
dropout=0.13150351283577133
hidden_continuous_size=33
max_epochs=500
