gradient_clip_val=0.03230074752195391
learning_rate=0.0029184114822474096
hidden_size=41
attention_head_size=3
dropout=0.1367383301506521
hidden_continuous_size=8
max_epochs=500
