gradient_clip_val=0.07533956895557806
learning_rate=0.002198463489781965
hidden_size=61
attention_head_size=2
dropout=0.25909081618609653
hidden_continuous_size=14
max_epochs=500
