gradient_clip_val=0.5000380459674365
learning_rate=0.0030797460483137553
hidden_size=75
attention_head_size=3
dropout=0.29979717907501413
hidden_continuous_size=8
max_epochs=500
