gradient_clip_val=0.03902746303236029
learning_rate=0.0013539389845614322
hidden_size=13
attention_head_size=3
dropout=0.2485848065341929
hidden_continuous_size=10
max_epochs=500
