gradient_clip_val=0.08846922008848554
learning_rate=0.0013850768464520884
hidden_size=126
attention_head_size=1
dropout=0.28383433107860834
hidden_continuous_size=29
max_epochs=500
