gradient_clip_val=0.055305550229587504
learning_rate=0.004714810703120222
hidden_size=29
attention_head_size=4
dropout=0.13251655434688958
hidden_continuous_size=26
max_epochs=500
