gradient_clip_val=0.03969647986169158
learning_rate=0.0021575691113226683
hidden_size=9
attention_head_size=1
dropout=0.2388679696233873
hidden_continuous_size=8
max_epochs=500
