gradient_clip_val=0.5874511575593568
learning_rate=0.027027732323492034
hidden_size=20
attention_head_size=3
dropout=0.29020599670023556
hidden_continuous_size=8
max_epochs=500
