gradient_clip_val=0.01064580063470787
learning_rate=0.0032284922657005006
hidden_size=9
attention_head_size=1
dropout=0.11244054280965904
hidden_continuous_size=9
max_epochs=500
