gradient_clip_val=0.8200790081326981
learning_rate=0.009874793723095519
hidden_size=75
attention_head_size=4
dropout=0.2659162372932372
hidden_continuous_size=8
max_epochs=500
