gradient_clip_val=0.09471670451931373
learning_rate=0.0015330182494211644
hidden_size=11
attention_head_size=4
dropout=0.11495637028381872
hidden_continuous_size=8
max_epochs=500
