gradient_clip_val=0.6174746694751299
learning_rate=0.005984061841324655
hidden_size=61
attention_head_size=4
dropout=0.22016608076157823
hidden_continuous_size=11
max_epochs=500
