gradient_clip_val=0.09128390879093697
learning_rate=0.007162081849758315
hidden_size=90
attention_head_size=4
dropout=0.18238511398447302
hidden_continuous_size=84
max_epochs=500
