gradient_clip_val=0.03159009650595783
learning_rate=0.0830140134576445
hidden_size=12
attention_head_size=2
dropout=0.26714125172240155
hidden_continuous_size=9
max_epochs=500
