gradient_clip_val=0.9081729532627996
learning_rate=0.0896387433227249
hidden_size=107
attention_head_size=4
dropout=0.2102609251778153
hidden_continuous_size=21
max_epochs=500
