gradient_clip_val=0.48153205889688533
learning_rate=0.0014859548908351579
hidden_size=111
attention_head_size=1
dropout=0.16324408343225316
hidden_continuous_size=47
max_epochs=500
