gradient_clip_val=0.027826663647132363
learning_rate=0.014904851266084337
hidden_size=74
attention_head_size=1
dropout=0.16249412285438328
hidden_continuous_size=19
max_epochs=500
