gradient_clip_val=0.010704239960701602
learning_rate=0.022808860279295764
hidden_size=45
attention_head_size=2
dropout=0.22164765265597625
hidden_continuous_size=8
max_epochs=500
