gradient_clip_val=0.07867378402004926
learning_rate=0.015303793878580966
hidden_size=21
attention_head_size=3
dropout=0.26807921090288167
hidden_continuous_size=12
max_epochs=500
