gradient_clip_val=0.3854263721955026
learning_rate=0.07877216136743669
hidden_size=76
attention_head_size=3
dropout=0.26420266477395293
hidden_continuous_size=22
max_epochs=500
