gradient_clip_val=0.5572972667575248
learning_rate=0.002747300369041952
hidden_size=17
attention_head_size=2
dropout=0.12626954682069239
hidden_continuous_size=17
max_epochs=500
