gradient_clip_val=0.014141822776361317
learning_rate=0.06409975815419336
hidden_size=22
attention_head_size=4
dropout=0.25984381154972735
hidden_continuous_size=16
max_epochs=500
