gradient_clip_val=0.3307813437166376
learning_rate=0.004535149661465996
hidden_size=49
attention_head_size=1
dropout=0.21467559386802687
hidden_continuous_size=12
max_epochs=500
