gradient_clip_val=0.035748969611193115
learning_rate=0.01742660393067835
hidden_size=121
attention_head_size=2
dropout=0.18728675948595097
hidden_continuous_size=16
max_epochs=500
