gradient_clip_val=0.2079229895972342
learning_rate=0.02513043510321291
hidden_size=114
attention_head_size=4
dropout=0.10505134417235369
hidden_continuous_size=27
max_epochs=500
