gradient_clip_val=0.39465087129430326
learning_rate=0.009826141590724329
hidden_size=22
attention_head_size=1
dropout=0.2526443831907929
hidden_continuous_size=16
max_epochs=500
