gradient_clip_val=0.42305340586661755
learning_rate=0.024801736614389877
hidden_size=120
attention_head_size=2
dropout=0.23360075363252145
hidden_continuous_size=17
max_epochs=500
