gradient_clip_val=0.11162883628626115
learning_rate=0.01451170645780072
hidden_size=12
attention_head_size=3
dropout=0.25237342582810596
hidden_continuous_size=11
max_epochs=500
