gradient_clip_val=0.09261389488714915
learning_rate=0.0012031477426293824
hidden_size=60
attention_head_size=2
dropout=0.253179978392261
hidden_continuous_size=21
max_epochs=500
