gradient_clip_val=0.3119328154410885
learning_rate=0.002238084390109692
hidden_size=15
attention_head_size=4
dropout=0.14163942248800687
hidden_continuous_size=11
max_epochs=500
