gradient_clip_val=0.8749306628982181
learning_rate=0.0024064717765914707
hidden_size=12
attention_head_size=1
dropout=0.29122438232213854
hidden_continuous_size=12
max_epochs=500
