gradient_clip_val=0.12124645778090136
learning_rate=0.04434095955836811
hidden_size=86
attention_head_size=2
dropout=0.1837509864940287
hidden_continuous_size=26
max_epochs=500
