gradient_clip_val=0.09572339362897538
learning_rate=0.03607401059281044
hidden_size=63
attention_head_size=4
dropout=0.12729114211166018
hidden_continuous_size=11
max_epochs=500
