gradient_clip_val=0.06055941761736772
learning_rate=0.004080718824911987
hidden_size=48
attention_head_size=1
dropout=0.25731998075026064
hidden_continuous_size=9
max_epochs=500
