gradient_clip_val=0.028095942495964945
learning_rate=0.0027266884614518664
hidden_size=57
attention_head_size=3
dropout=0.14117319173944548
hidden_continuous_size=10
max_epochs=500
