gradient_clip_val=0.025260884347164725
learning_rate=0.09512052816603109
hidden_size=17
attention_head_size=3
dropout=0.28355376474779737
hidden_continuous_size=12
max_epochs=500
