gradient_clip_val=0.04622035943457175
learning_rate=0.07368905528243803
hidden_size=19
attention_head_size=3
dropout=0.2183520474423768
hidden_continuous_size=12
max_epochs=500
