gradient_clip_val=0.027419587195222576
learning_rate=0.004768144097363826
hidden_size=27
attention_head_size=2
dropout=0.169800237125005
hidden_continuous_size=24
max_epochs=500
