gradient_clip_val=0.46058375032785864
learning_rate=0.003185262640731602
hidden_size=12
attention_head_size=3
dropout=0.1742384533448234
hidden_continuous_size=9
max_epochs=500
