gradient_clip_val=0.4046712502976909
learning_rate=0.009080345128542158
hidden_size=22
attention_head_size=1
dropout=0.1530548496656357
hidden_continuous_size=21
max_epochs=500
