gradient_clip_val=0.7699108704428215
learning_rate=0.0013909667321892994
hidden_size=38
attention_head_size=2
dropout=0.2689725427592399
hidden_continuous_size=14
max_epochs=500
