gradient_clip_val=0.10839591779354993
learning_rate=0.0017616482201109392
hidden_size=12
attention_head_size=2
dropout=0.2307165709394963
hidden_continuous_size=10
max_epochs=500
