gradient_clip_val=0.40368481396886174
learning_rate=0.07235221686661987
hidden_size=10
attention_head_size=4
dropout=0.16721213461211107
hidden_continuous_size=9
max_epochs=500
