gradient_clip_val=0.11792967541649435
learning_rate=0.002205639192637487
hidden_size=9
attention_head_size=4
dropout=0.12480993849295459
hidden_continuous_size=8
max_epochs=500
