gradient_clip_val=0.017844802414619127
learning_rate=0.0924974412035508
hidden_size=20
attention_head_size=2
dropout=0.2939859938024779
hidden_continuous_size=12
max_epochs=500
