gradient_clip_val=0.017449274516088957
learning_rate=0.0013448665459164406
hidden_size=61
attention_head_size=2
dropout=0.2978263604127178
hidden_continuous_size=12
max_epochs=500
