gradient_clip_val=0.7372699303716594
learning_rate=0.04565661248368033
hidden_size=9
attention_head_size=3
dropout=0.1183330568948826
hidden_continuous_size=9
max_epochs=500
