gradient_clip_val=0.03242093250040719
learning_rate=0.02164114600387297
hidden_size=34
attention_head_size=4
dropout=0.25788456025064854
hidden_continuous_size=18
max_epochs=500
