gradient_clip_val=0.06919549898939123
learning_rate=0.03801151211407229
hidden_size=10
attention_head_size=2
dropout=0.11721009908828406
hidden_continuous_size=8
max_epochs=500
