gradient_clip_val=0.1139554009149454
learning_rate=0.03478143803731002
hidden_size=50
attention_head_size=1
dropout=0.13654989775440848
hidden_continuous_size=31
max_epochs=500
