gradient_clip_val=0.09264494024991743
learning_rate=0.007555136435423231
hidden_size=44
attention_head_size=1
dropout=0.2791875684570384
hidden_continuous_size=12
max_epochs=500
