gradient_clip_val=0.09720353057199131
learning_rate=0.07643887216493173
hidden_size=10
attention_head_size=1
dropout=0.17173268555108717
hidden_continuous_size=8
max_epochs=500
