gradient_clip_val=0.23671736054107154
learning_rate=0.011472369622669159
hidden_size=26
attention_head_size=4
dropout=0.10525866004162579
hidden_continuous_size=8
max_epochs=500
