gradient_clip_val=0.848373053412672
learning_rate=0.05491982580794617
hidden_size=15
attention_head_size=1
dropout=0.2422519809856253
hidden_continuous_size=11
max_epochs=500
