gradient_clip_val=0.62119853079102
learning_rate=0.0012816757612624415
hidden_size=107
attention_head_size=3
dropout=0.2258441532704192
hidden_continuous_size=78
max_epochs=500
