gradient_clip_val=0.029119244248104373
learning_rate=0.012371830206625248
hidden_size=66
attention_head_size=3
dropout=0.2855828851223996
hidden_continuous_size=21
max_epochs=500
