gradient_clip_val=0.2860307522627874
learning_rate=0.001225820168295046
hidden_size=13
attention_head_size=2
dropout=0.17083259406237483
hidden_continuous_size=9
max_epochs=500
