gradient_clip_val=0.8216959672217378
learning_rate=0.0030502988659441284
hidden_size=83
attention_head_size=2
dropout=0.14221195698413708
hidden_continuous_size=69
max_epochs=500
