gradient_clip_val=0.2568348586663581
learning_rate=0.0024110408467801305
hidden_size=125
attention_head_size=4
dropout=0.18177565373216137
hidden_continuous_size=86
max_epochs=500
