gradient_clip_val=0.08627953770302893
learning_rate=0.001801414293859086
hidden_size=34
attention_head_size=1
dropout=0.20763986414997354
hidden_continuous_size=10
max_epochs=500
