gradient_clip_val=0.4795907102994642
learning_rate=0.018248004858655367
hidden_size=25
attention_head_size=2
dropout=0.11113288763369265
hidden_continuous_size=11
max_epochs=500
