gradient_clip_val=0.021735316570187634
learning_rate=0.001192028510145337
hidden_size=19
attention_head_size=4
dropout=0.1635538349244153
hidden_continuous_size=10
max_epochs=500
