gradient_clip_val=0.035796536460694854
learning_rate=0.003622607390740011
hidden_size=34
attention_head_size=1
dropout=0.2308631951191167
hidden_continuous_size=9
max_epochs=500
