gradient_clip_val=0.49524099806073585
learning_rate=0.0010313877361352902
hidden_size=15
attention_head_size=2
dropout=0.17799351868654004
hidden_continuous_size=13
max_epochs=500
