gradient_clip_val=0.0716621346565454
learning_rate=0.014415344917325967
hidden_size=112
attention_head_size=1
dropout=0.24576818729159805
hidden_continuous_size=27
max_epochs=500
