gradient_clip_val=0.012045086891923467
learning_rate=0.007958672388707367
hidden_size=34
attention_head_size=1
dropout=0.2931052677177386
hidden_continuous_size=12
max_epochs=500
