gradient_clip_val=0.11168636573224178
learning_rate=0.04196219599219625
hidden_size=19
attention_head_size=2
dropout=0.17586162948160444
hidden_continuous_size=10
max_epochs=500
