gradient_clip_val=0.07314242504132472
learning_rate=0.05543007384250831
hidden_size=109
attention_head_size=4
dropout=0.1222846630405583
hidden_continuous_size=29
max_epochs=500
