gradient_clip_val=0.021437645934645765
learning_rate=0.017373188625309774
hidden_size=94
attention_head_size=1
dropout=0.2206841899842081
hidden_continuous_size=75
max_epochs=500
