gradient_clip_val=0.6596496562994896
learning_rate=0.012903460057311869
hidden_size=36
attention_head_size=3
dropout=0.19114942005341984
hidden_continuous_size=23
max_epochs=500
