gradient_clip_val=0.06873434925528758
learning_rate=0.0013062213452779631
hidden_size=28
attention_head_size=2
dropout=0.11229714425163922
hidden_continuous_size=9
max_epochs=500
