gradient_clip_val=0.019160009771762545
learning_rate=0.003688599382487657
hidden_size=10
attention_head_size=4
dropout=0.24948692130385808
hidden_continuous_size=8
max_epochs=500
