gradient_clip_val=0.026835612622967953
learning_rate=0.01634613868669293
hidden_size=108
attention_head_size=2
dropout=0.11902494054598514
hidden_continuous_size=85
max_epochs=500
