gradient_clip_val=0.22671556368393875
learning_rate=0.015926550963165045
hidden_size=8
attention_head_size=2
dropout=0.14374702034343448
hidden_continuous_size=8
max_epochs=500
