gradient_clip_val=0.013586825340370322
learning_rate=0.011091905729458784
hidden_size=12
attention_head_size=3
dropout=0.10306237022585496
hidden_continuous_size=11
max_epochs=500
