gradient_clip_val=0.06134026919102237
learning_rate=0.07641485869747362
hidden_size=36
attention_head_size=2
dropout=0.18037654340829398
hidden_continuous_size=24
max_epochs=500
