gradient_clip_val=0.01187186247363892
learning_rate=0.0057782611032168914
hidden_size=68
attention_head_size=3
dropout=0.2075083651603966
hidden_continuous_size=26
max_epochs=500
