gradient_clip_val=0.13218362349827578
learning_rate=0.024235696021710322
hidden_size=36
attention_head_size=2
dropout=0.1368971584398469
hidden_continuous_size=17
max_epochs=500
