gradient_clip_val=0.02859873007563676
learning_rate=0.007231809155026484
hidden_size=8
attention_head_size=4
dropout=0.28787936591234775
hidden_continuous_size=8
max_epochs=500
