gradient_clip_val=0.018063531166907728
learning_rate=0.005904093705528972
hidden_size=87
attention_head_size=4
dropout=0.14650178909409328
hidden_continuous_size=47
max_epochs=500
