gradient_clip_val=0.14881014300506226
learning_rate=0.0231848606415796
hidden_size=31
attention_head_size=3
dropout=0.13033335735996485
hidden_continuous_size=9
max_epochs=500
