gradient_clip_val=0.12364474330052198
learning_rate=0.00447491125938729
hidden_size=16
attention_head_size=1
dropout=0.28541160579569047
hidden_continuous_size=16
max_epochs=500
