gradient_clip_val=0.2413123019145497
learning_rate=0.0011767436348003567
hidden_size=87
attention_head_size=4
dropout=0.2841082057906186
hidden_continuous_size=13
max_epochs=500
