gradient_clip_val=0.04984172838345827
learning_rate=0.023426906637770126
hidden_size=43
attention_head_size=1
dropout=0.29339145904368324
hidden_continuous_size=12
max_epochs=500
