gradient_clip_val=0.01806411372530981
learning_rate=0.0055501199862154375
hidden_size=77
attention_head_size=2
dropout=0.18361301607186853
hidden_continuous_size=31
max_epochs=500
