gradient_clip_val=0.0320861523367548
learning_rate=0.08155389228349634
hidden_size=15
attention_head_size=2
dropout=0.10511573178520728
hidden_continuous_size=8
max_epochs=500
