gradient_clip_val=0.0473590470374715
learning_rate=0.0013345875525323423
hidden_size=108
attention_head_size=4
dropout=0.14504364095774874
hidden_continuous_size=55
max_epochs=500
