gradient_clip_val=0.960837859721222
learning_rate=0.0010467460459431825
hidden_size=8
attention_head_size=1
dropout=0.25020411202646653
hidden_continuous_size=8
max_epochs=500
