gradient_clip_val=0.047694070867718825
learning_rate=0.0030531994654262374
hidden_size=56
attention_head_size=4
dropout=0.2476332172432458
hidden_continuous_size=8
max_epochs=500
