gradient_clip_val=0.12379802137367664
learning_rate=0.026742887096565776
hidden_size=13
attention_head_size=4
dropout=0.23411090375269747
hidden_continuous_size=10
max_epochs=500
