gradient_clip_val=0.08120276693595142
learning_rate=0.009980741676666016
hidden_size=21
attention_head_size=4
dropout=0.2214837960176914
hidden_continuous_size=14
max_epochs=500
