gradient_clip_val=0.18247453440088604
learning_rate=0.0010436087569725186
hidden_size=70
attention_head_size=1
dropout=0.26548334297895937
hidden_continuous_size=43
max_epochs=500
