gradient_clip_val=0.1634332262779421
learning_rate=0.004259405064649561
hidden_size=16
attention_head_size=2
dropout=0.12775366910038505
hidden_continuous_size=11
max_epochs=500
