gradient_clip_val=0.018362916314668704
learning_rate=0.06328157257190765
hidden_size=17
attention_head_size=1
dropout=0.1843067614517888
hidden_continuous_size=17
max_epochs=500
