gradient_clip_val=0.046974089842443355
learning_rate=0.0031931737869796066
hidden_size=16
attention_head_size=2
dropout=0.1769911092449363
hidden_continuous_size=8
max_epochs=500
