gradient_clip_val=0.2457507198379379
learning_rate=0.008109327666453814
hidden_size=46
attention_head_size=3
dropout=0.14501106335283942
hidden_continuous_size=42
max_epochs=500
