gradient_clip_val=0.07610003063887555
learning_rate=0.03323504092784555
hidden_size=14
attention_head_size=1
dropout=0.21935226510233358
hidden_continuous_size=10
max_epochs=500
