gradient_clip_val=0.2061885458916916
learning_rate=0.02293369663633626
hidden_size=16
attention_head_size=1
dropout=0.12147119550239119
hidden_continuous_size=8
max_epochs=500
