gradient_clip_val=0.08669456834073916
learning_rate=0.022064084083757003
hidden_size=92
attention_head_size=1
dropout=0.1933148567003917
hidden_continuous_size=37
max_epochs=500
