gradient_clip_val=0.22637200415138217
learning_rate=0.0022178454027484574
hidden_size=11
attention_head_size=2
dropout=0.12933723892731028
hidden_continuous_size=10
max_epochs=500
