gradient_clip_val=0.01531064622825915
learning_rate=0.0016160433679582586
hidden_size=53
attention_head_size=3
dropout=0.14689528502567623
hidden_continuous_size=38
max_epochs=500
