gradient_clip_val=0.16413998204414185
learning_rate=0.0031989016629607797
hidden_size=83
attention_head_size=4
dropout=0.20716420030067312
hidden_continuous_size=59
max_epochs=500
