gradient_clip_val=0.11701685787565157
learning_rate=0.015246289330773077
hidden_size=15
attention_head_size=3
dropout=0.20060982232692887
hidden_continuous_size=8
max_epochs=500
