gradient_clip_val=0.13292337987523112
learning_rate=0.005026630884811573
hidden_size=10
attention_head_size=4
dropout=0.2688016141148658
hidden_continuous_size=10
max_epochs=500
