gradient_clip_val=0.014159893225827868
learning_rate=0.0066820915244311845
hidden_size=11
attention_head_size=3
dropout=0.20683022625470238
hidden_continuous_size=10
max_epochs=500
