gradient_clip_val=0.20720018998966777
learning_rate=0.001720042730740612
hidden_size=85
attention_head_size=4
dropout=0.16012072700234037
hidden_continuous_size=14
max_epochs=500
