gradient_clip_val=0.03269087397774867
learning_rate=0.006816334108504737
hidden_size=17
attention_head_size=3
dropout=0.20481949699175633
hidden_continuous_size=13
max_epochs=500
