gradient_clip_val=0.22650269525020508
learning_rate=0.0024013590037168134
hidden_size=8
attention_head_size=3
dropout=0.15266945721169015
hidden_continuous_size=8
max_epochs=500
