gradient_clip_val=0.031074486148948945
learning_rate=0.003094221234388709
hidden_size=26
attention_head_size=2
dropout=0.10001463800424255
hidden_continuous_size=11
max_epochs=500
