gradient_clip_val=0.8317716746419171
learning_rate=0.010263895956916009
hidden_size=10
attention_head_size=2
dropout=0.1303950898115562
hidden_continuous_size=10
max_epochs=500
