gradient_clip_val=0.06281961320918351
learning_rate=0.010351296092568203
hidden_size=49
attention_head_size=1
dropout=0.25635297647179045
hidden_continuous_size=10
max_epochs=500
