gradient_clip_val=0.08109376536858456
learning_rate=0.0010780009215143117
hidden_size=16
attention_head_size=1
dropout=0.10371892023585444
hidden_continuous_size=8
max_epochs=500
