gradient_clip_val=0.5318415389620503
learning_rate=0.026163666376895676
hidden_size=17
attention_head_size=3
dropout=0.10328806807632702
hidden_continuous_size=16
max_epochs=500
