gradient_clip_val=0.15722596176092193
learning_rate=0.0031866223591292334
hidden_size=15
attention_head_size=4
dropout=0.14185731532526616
hidden_continuous_size=9
max_epochs=500
