gradient_clip_val=0.017770721777962187
learning_rate=0.003266490206880838
hidden_size=9
attention_head_size=3
dropout=0.15784846158503799
hidden_continuous_size=8
max_epochs=500
