gradient_clip_val=0.030049405969633906
learning_rate=0.0024548844319709257
hidden_size=8
attention_head_size=2
dropout=0.17984869902738776
hidden_continuous_size=8
max_epochs=500
