gradient_clip_val=0.012027531188443213
learning_rate=0.009282414436540968
hidden_size=100
attention_head_size=1
dropout=0.2757313193229164
hidden_continuous_size=10
max_epochs=500
