gradient_clip_val=0.23255523912441556
learning_rate=0.0027816875869754614
hidden_size=22
attention_head_size=2
dropout=0.1212982161813603
hidden_continuous_size=16
max_epochs=500
