gradient_clip_val=0.1107212611588167
learning_rate=0.0010705627229658976
hidden_size=9
attention_head_size=2
dropout=0.17136328309406873
hidden_continuous_size=8
max_epochs=500
