gradient_clip_val=0.0334305013397415
learning_rate=0.0026260432315339346
hidden_size=14
attention_head_size=1
dropout=0.19398170476324206
hidden_continuous_size=12
max_epochs=500
