gradient_clip_val=0.04649598460034245
learning_rate=0.0810992074695297
hidden_size=11
attention_head_size=3
dropout=0.2930686094658109
hidden_continuous_size=11
max_epochs=500
