gradient_clip_val=0.2543350817075078
learning_rate=0.0039630669786887675
hidden_size=26
attention_head_size=2
dropout=0.20995239923482334
hidden_continuous_size=11
max_epochs=500
