gradient_clip_val=0.0353399670813686
learning_rate=0.01588786858006877
hidden_size=18
attention_head_size=1
dropout=0.27081939582799475
hidden_continuous_size=10
max_epochs=500
