gradient_clip_val=0.018088678141984352
learning_rate=0.003020271638984135
hidden_size=89
attention_head_size=4
dropout=0.1579016088766762
hidden_continuous_size=10
max_epochs=500
