gradient_clip_val=0.03532917324896039
learning_rate=0.05149608786216804
hidden_size=66
attention_head_size=2
dropout=0.1973580385000256
hidden_continuous_size=47
max_epochs=500
