gradient_clip_val=0.04081405900544137
learning_rate=0.0018402039251756346
hidden_size=62
attention_head_size=3
dropout=0.12007500383199377
hidden_continuous_size=29
max_epochs=500
