gradient_clip_val=0.013950502416577817
learning_rate=0.005235687347388398
hidden_size=16
attention_head_size=4
dropout=0.24954697186634087
hidden_continuous_size=8
max_epochs=500
