gradient_clip_val=0.3261236084146552
learning_rate=0.04600766997324082
hidden_size=56
attention_head_size=2
dropout=0.18677273713352793
hidden_continuous_size=15
max_epochs=500
