gradient_clip_val=0.08810313065890896
learning_rate=0.0037933908847030172
hidden_size=15
attention_head_size=4
dropout=0.2553397500071025
hidden_continuous_size=9
max_epochs=500
