gradient_clip_val=0.011020720396957886
learning_rate=0.06282936380508247
hidden_size=34
attention_head_size=2
dropout=0.27565713812097614
hidden_continuous_size=16
max_epochs=500
