gradient_clip_val=0.396301753754668
learning_rate=0.013608023195097333
hidden_size=31
attention_head_size=2
dropout=0.14394813992222513
hidden_continuous_size=20
max_epochs=500
