gradient_clip_val=0.014921137787931657
learning_rate=0.022449583105215516
hidden_size=69
attention_head_size=3
dropout=0.2020017236291583
hidden_continuous_size=14
max_epochs=500
