gradient_clip_val=0.03281336405033001
learning_rate=0.0038604840489773295
hidden_size=95
attention_head_size=3
dropout=0.22428921192986478
hidden_continuous_size=12
max_epochs=500
