gradient_clip_val=0.24464601042546963
learning_rate=0.012749374894804972
hidden_size=38
attention_head_size=4
dropout=0.1505341378038691
hidden_continuous_size=18
max_epochs=500
