gradient_clip_val=0.27371110955603695
learning_rate=0.041954905317077816
hidden_size=60
attention_head_size=4
dropout=0.1327843007187488
hidden_continuous_size=20
max_epochs=500
