gradient_clip_val=0.2826438264294482
learning_rate=0.02593448633989681
hidden_size=54
attention_head_size=3
dropout=0.14280039490201846
hidden_continuous_size=10
max_epochs=500
