gradient_clip_val=0.09954687841526536
learning_rate=0.06484822556182031
hidden_size=24
attention_head_size=4
dropout=0.12510358396115132
hidden_continuous_size=23
max_epochs=500
