gradient_clip_val=0.6517145371636252
learning_rate=0.0013476178487316862
hidden_size=52
attention_head_size=3
dropout=0.21184446059524906
hidden_continuous_size=25
max_epochs=500
