gradient_clip_val=0.09649795839386727
learning_rate=0.05604373496116223
hidden_size=88
attention_head_size=1
dropout=0.1817059009463951
hidden_continuous_size=21
max_epochs=500
