gradient_clip_val=0.06253180078505505
learning_rate=0.01959969244112723
hidden_size=22
attention_head_size=1
dropout=0.13012934408231888
hidden_continuous_size=12
max_epochs=500
