gradient_clip_val=0.11174138477286336
learning_rate=0.04275278867566973
hidden_size=11
attention_head_size=1
dropout=0.16213879908711631
hidden_continuous_size=8
max_epochs=500
