gradient_clip_val=0.38213672705449075
learning_rate=0.02809125434683098
hidden_size=11
attention_head_size=1
dropout=0.1459542245567393
hidden_continuous_size=8
max_epochs=500
