gradient_clip_val=0.03546453607069521
learning_rate=0.0015659591174045397
hidden_size=127
attention_head_size=1
dropout=0.2480135194226926
hidden_continuous_size=11
max_epochs=500
