gradient_clip_val=0.03707950714409738
learning_rate=0.0017109268581025896
hidden_size=8
attention_head_size=3
dropout=0.10436286521998127
hidden_continuous_size=8
max_epochs=500
