gradient_clip_val=0.9070456386948494
learning_rate=0.0018343934811419496
hidden_size=9
attention_head_size=2
dropout=0.29603398216394317
hidden_continuous_size=8
max_epochs=500
