gradient_clip_val=0.02147411555607405
learning_rate=0.009541114683243765
hidden_size=30
attention_head_size=3
dropout=0.14021789448267113
hidden_continuous_size=8
max_epochs=500
