gradient_clip_val=0.21808599679460225
learning_rate=0.012817605422404916
hidden_size=17
attention_head_size=1
dropout=0.19634068866574522
hidden_continuous_size=16
max_epochs=500
