gradient_clip_val=0.026697986893108042
learning_rate=0.05554903942752749
hidden_size=26
attention_head_size=1
dropout=0.14453994627406236
hidden_continuous_size=19
max_epochs=500
