gradient_clip_val=0.250324095743248
learning_rate=0.005114483687808133
hidden_size=12
attention_head_size=4
dropout=0.19152271093774997
hidden_continuous_size=12
max_epochs=500
