gradient_clip_val=0.016129860083652553
learning_rate=0.031672540548211635
hidden_size=18
attention_head_size=3
dropout=0.25860891869595726
hidden_continuous_size=15
max_epochs=500
