gradient_clip_val=0.013243095873689506
learning_rate=0.0026285806266027416
hidden_size=48
attention_head_size=1
dropout=0.20362751701506293
hidden_continuous_size=13
max_epochs=500
