gradient_clip_val=0.20210240299670776
learning_rate=0.005563455670720658
hidden_size=19
attention_head_size=2
dropout=0.2029084317557075
hidden_continuous_size=10
max_epochs=500
