gradient_clip_val=0.039649932290255645
learning_rate=0.009748746359560778
hidden_size=47
attention_head_size=4
dropout=0.2333901426929064
hidden_continuous_size=30
max_epochs=500
