gradient_clip_val=0.06550325346684735
learning_rate=0.09136261050721965
hidden_size=25
attention_head_size=1
dropout=0.194597911966507
hidden_continuous_size=9
max_epochs=500
