gradient_clip_val=0.054961123926608804
learning_rate=0.027815773739704758
hidden_size=40
attention_head_size=3
dropout=0.2964677144121999
hidden_continuous_size=37
max_epochs=500
