gradient_clip_val=0.02145530081189662
learning_rate=0.020233329327507377
hidden_size=35
attention_head_size=4
dropout=0.23760128280563073
hidden_continuous_size=13
max_epochs=500
