gradient_clip_val=0.014410861510823844
learning_rate=0.020081440374820757
hidden_size=39
attention_head_size=1
dropout=0.24733059850263708
hidden_continuous_size=23
max_epochs=500
