gradient_clip_val=0.5858895057216973
learning_rate=0.07318002147488546
hidden_size=87
attention_head_size=1
dropout=0.2238509157298828
hidden_continuous_size=22
max_epochs=500
