gradient_clip_val=0.15829093262233415
learning_rate=0.003111738623287064
hidden_size=16
attention_head_size=3
dropout=0.19967834245889157
hidden_continuous_size=8
max_epochs=500
