gradient_clip_val=0.02872361673985201
learning_rate=0.016103893190594812
hidden_size=99
attention_head_size=2
dropout=0.13253200110052527
hidden_continuous_size=40
max_epochs=500
