gradient_clip_val=0.011564240607967206
learning_rate=0.0014100922792342147
hidden_size=9
attention_head_size=2
dropout=0.26713182048432793
hidden_continuous_size=8
max_epochs=500
