gradient_clip_val=0.1180302474033413
learning_rate=0.030886488550861523
hidden_size=11
attention_head_size=2
dropout=0.10353654932959377
hidden_continuous_size=9
max_epochs=500
