gradient_clip_val=0.018079365108780783
learning_rate=0.0013878546205619276
hidden_size=43
attention_head_size=3
dropout=0.29944504034857844
hidden_continuous_size=28
max_epochs=500
