gradient_clip_val=0.22919257410310662
learning_rate=0.06647558289803776
hidden_size=35
attention_head_size=3
dropout=0.10228575379656929
hidden_continuous_size=8
max_epochs=500
