gradient_clip_val=0.0606434991329976
learning_rate=0.005300793236696099
hidden_size=33
attention_head_size=3
dropout=0.14571978216078682
hidden_continuous_size=10
max_epochs=500
