gradient_clip_val=0.21267686917862766
learning_rate=0.0015056824178866952
hidden_size=12
attention_head_size=4
dropout=0.19869620587835107
hidden_continuous_size=8
max_epochs=500
