gradient_clip_val=0.15750064801505126
learning_rate=0.012304054567692697
hidden_size=105
attention_head_size=1
dropout=0.1321575162168493
hidden_continuous_size=84
max_epochs=500
