gradient_clip_val=0.014735079867767634
learning_rate=0.007307116964710723
hidden_size=30
attention_head_size=3
dropout=0.16511696739501175
hidden_continuous_size=14
max_epochs=500
