gradient_clip_val=0.05183328636986262
learning_rate=0.001230893298895354
hidden_size=9
attention_head_size=4
dropout=0.17179805597793854
hidden_continuous_size=8
max_epochs=500
