gradient_clip_val=0.12370417218071303
learning_rate=0.0012636463011857593
hidden_size=12
attention_head_size=3
dropout=0.2185042877789108
hidden_continuous_size=9
max_epochs=500
