gradient_clip_val=0.30076458642709564
learning_rate=0.01839504418906208
hidden_size=43
attention_head_size=3
dropout=0.2499413854378584
hidden_continuous_size=29
max_epochs=500
