gradient_clip_val=0.07696500391802792
learning_rate=0.0016904044265343807
hidden_size=36
attention_head_size=2
dropout=0.20364301126496484
hidden_continuous_size=34
max_epochs=500
