gradient_clip_val=0.038941556363882794
learning_rate=0.0511294221051538
hidden_size=83
attention_head_size=4
dropout=0.2945052462544504
hidden_continuous_size=8
max_epochs=500
