gradient_clip_val=0.12169742749520158
learning_rate=0.016568008953141245
hidden_size=88
attention_head_size=3
dropout=0.25193909126858904
hidden_continuous_size=9
max_epochs=500
