gradient_clip_val=0.24113200400068338
learning_rate=0.007880913197172499
hidden_size=41
attention_head_size=4
dropout=0.16656647465956237
hidden_continuous_size=24
max_epochs=500
