gradient_clip_val=0.02459724186845051
learning_rate=0.0023720107702325734
hidden_size=17
attention_head_size=2
dropout=0.16595922777467703
hidden_continuous_size=8
max_epochs=500
