gradient_clip_val=0.1210466812338527
learning_rate=0.05468178656092272
hidden_size=93
attention_head_size=2
dropout=0.17178393822103943
hidden_continuous_size=9
max_epochs=500
