gradient_clip_val=0.6918644877506284
learning_rate=0.01075881009162478
hidden_size=39
attention_head_size=4
dropout=0.2213862763950256
hidden_continuous_size=38
max_epochs=500
