gradient_clip_val=0.0460813962078292
learning_rate=0.05777905375741521
hidden_size=128
attention_head_size=2
dropout=0.25539814996498134
hidden_continuous_size=9
max_epochs=500
