gradient_clip_val=0.06093555189411993
learning_rate=0.039272241873560806
hidden_size=25
attention_head_size=2
dropout=0.16464253344475874
hidden_continuous_size=11
max_epochs=500
