gradient_clip_val=0.01510698268639331
learning_rate=0.003377132999453286
hidden_size=45
attention_head_size=1
dropout=0.16085169291526916
hidden_continuous_size=19
max_epochs=500
