gradient_clip_val=0.04884909555354231
learning_rate=0.0010956028480242736
hidden_size=8
attention_head_size=3
dropout=0.28598621148673153
hidden_continuous_size=8
max_epochs=500
