gradient_clip_val=0.25948621759215007
learning_rate=0.053015393508409094
hidden_size=27
attention_head_size=4
dropout=0.16362680085418402
hidden_continuous_size=27
max_epochs=500
