gradient_clip_val=0.7774384141940135
learning_rate=0.03623377350866427
hidden_size=8
attention_head_size=2
dropout=0.2798307735678125
hidden_continuous_size=8
max_epochs=500
