gradient_clip_val=0.27878267137814156
learning_rate=0.007285361450770996
hidden_size=9
attention_head_size=3
dropout=0.17825563142874018
hidden_continuous_size=8
max_epochs=500
