gradient_clip_val=0.42175003552188284
learning_rate=0.0023545090716711693
hidden_size=36
attention_head_size=2
dropout=0.2438060658675636
hidden_continuous_size=18
max_epochs=500
