gradient_clip_val=0.2055256259946971
learning_rate=0.010392423531864337
hidden_size=52
attention_head_size=4
dropout=0.23263859910757276
hidden_continuous_size=18
max_epochs=500
