gradient_clip_val=0.34994095792304625
learning_rate=0.00454214981661098
hidden_size=18
attention_head_size=4
dropout=0.1500316355772182
hidden_continuous_size=16
max_epochs=500
