gradient_clip_val=0.24249524556955127
learning_rate=0.00619470304184298
hidden_size=23
attention_head_size=4
dropout=0.20807677250964496
hidden_continuous_size=12
max_epochs=500
