gradient_clip_val=0.039098713811111255
learning_rate=0.019703834223693477
hidden_size=44
attention_head_size=3
dropout=0.16610622288701932
hidden_continuous_size=33
max_epochs=500
