gradient_clip_val=0.05608364708026747
learning_rate=0.01564086335644236
hidden_size=55
attention_head_size=1
dropout=0.21615305753749278
hidden_continuous_size=28
max_epochs=500
