gradient_clip_val=0.18510173655090703
learning_rate=0.0017138413956700692
hidden_size=18
attention_head_size=1
dropout=0.26043447741770764
hidden_continuous_size=16
max_epochs=500
