gradient_clip_val=0.5509307516568268
learning_rate=0.01903460513252876
hidden_size=60
attention_head_size=4
dropout=0.1480761340998317
hidden_continuous_size=14
max_epochs=500
