gradient_clip_val=0.12493003195895136
learning_rate=0.011811779126850499
hidden_size=38
attention_head_size=4
dropout=0.1875516320163514
hidden_continuous_size=38
max_epochs=500
