gradient_clip_val=0.14532528475590278
learning_rate=0.008574966496957147
hidden_size=14
attention_head_size=1
dropout=0.19201806714534309
hidden_continuous_size=8
max_epochs=500
