gradient_clip_val=0.051077901437374104
learning_rate=0.018500613482894952
hidden_size=10
attention_head_size=3
dropout=0.21797090268102198
hidden_continuous_size=10
max_epochs=500
