gradient_clip_val=0.5843747615150595
learning_rate=0.006547920438746616
hidden_size=29
attention_head_size=3
dropout=0.27283437672357236
hidden_continuous_size=9
max_epochs=500
