gradient_clip_val=0.2790820765917913
learning_rate=0.002498311526390909
hidden_size=25
attention_head_size=3
dropout=0.2689515556293982
hidden_continuous_size=15
max_epochs=500
