gradient_clip_val=0.04043600727511154
learning_rate=0.005795916746732301
hidden_size=120
attention_head_size=2
dropout=0.12874199275786585
hidden_continuous_size=13
max_epochs=500
