gradient_clip_val=0.10592817712529046
learning_rate=0.026021290862292757
hidden_size=70
attention_head_size=3
dropout=0.12349721822693381
hidden_continuous_size=36
max_epochs=500
