gradient_clip_val=0.2127113374307869
learning_rate=0.0819214378455194
hidden_size=68
attention_head_size=3
dropout=0.16336164047843393
hidden_continuous_size=12
max_epochs=500
