gradient_clip_val=0.24319041791846546
learning_rate=0.08125121863686247
hidden_size=11
attention_head_size=3
dropout=0.23363434771698777
hidden_continuous_size=9
max_epochs=500
