gradient_clip_val=0.8040738858701384
learning_rate=0.007074667080915193
hidden_size=27
attention_head_size=4
dropout=0.25432609400807343
hidden_continuous_size=16
max_epochs=500
