gradient_clip_val=0.011767160194926237
learning_rate=0.003294452007967614
hidden_size=109
attention_head_size=3
dropout=0.11072089226198017
hidden_continuous_size=47
max_epochs=500
