gradient_clip_val=0.6584983471758782
learning_rate=0.0016560536155138062
hidden_size=79
attention_head_size=2
dropout=0.10206073795130895
hidden_continuous_size=12
max_epochs=500
