gradient_clip_val=0.2087630382152323
learning_rate=0.0028584842083980485
hidden_size=29
attention_head_size=3
dropout=0.1122577094122659
hidden_continuous_size=16
max_epochs=500
