gradient_clip_val=0.34169242764415964
learning_rate=0.001873906395949854
hidden_size=13
attention_head_size=2
dropout=0.26978124584449537
hidden_continuous_size=11
max_epochs=500
