gradient_clip_val=0.7089918876899552
learning_rate=0.002945626834233082
hidden_size=113
attention_head_size=1
dropout=0.22956468212638906
hidden_continuous_size=51
max_epochs=500
