gradient_clip_val=0.14586403055451383
learning_rate=0.018168655541616077
hidden_size=47
attention_head_size=2
dropout=0.21028793379543664
hidden_continuous_size=10
max_epochs=500
