gradient_clip_val=0.019946025634557173
learning_rate=0.001578991544139312
hidden_size=32
attention_head_size=3
dropout=0.1900303784566894
hidden_continuous_size=12
max_epochs=500
