gradient_clip_val=0.010032963788558426
learning_rate=0.004703100483075796
hidden_size=31
attention_head_size=1
dropout=0.2706545293998344
hidden_continuous_size=20
max_epochs=500
