gradient_clip_val=0.19938445175110825
learning_rate=0.03723405204809858
hidden_size=11
attention_head_size=3
dropout=0.23377049685946216
hidden_continuous_size=10
max_epochs=500
