gradient_clip_val=0.06698225990005216
learning_rate=0.009620960465984976
hidden_size=8
attention_head_size=3
dropout=0.19672451664304677
hidden_continuous_size=8
max_epochs=500
