gradient_clip_val=0.012944607938636905
learning_rate=0.0091285756123057
hidden_size=85
attention_head_size=4
dropout=0.2225021793906269
hidden_continuous_size=84
max_epochs=500
