gradient_clip_val=0.013378688162691721
learning_rate=0.0012252324855237132
hidden_size=31
attention_head_size=4
dropout=0.1993835469152464
hidden_continuous_size=21
max_epochs=500
