gradient_clip_val=0.07205625725621229
learning_rate=0.0028212715890179596
hidden_size=49
attention_head_size=4
dropout=0.13055635872086704
hidden_continuous_size=44
max_epochs=500
