gradient_clip_val=0.054700384846199226
learning_rate=0.015291754356531666
hidden_size=8
attention_head_size=2
dropout=0.19099759621470092
hidden_continuous_size=8
max_epochs=500
