gradient_clip_val=0.14335458430544365
learning_rate=0.0013565139357317366
hidden_size=114
attention_head_size=4
dropout=0.16020899571897812
hidden_continuous_size=93
max_epochs=500
