gradient_clip_val=0.05468129759711001
learning_rate=0.06338813103428513
hidden_size=23
attention_head_size=3
dropout=0.2792439607261235
hidden_continuous_size=15
max_epochs=500
