gradient_clip_val=0.02548552574385685
learning_rate=0.007261786312729559
hidden_size=9
attention_head_size=4
dropout=0.2316694908941585
hidden_continuous_size=9
max_epochs=500
