gradient_clip_val=0.06650064858950294
learning_rate=0.09993203940254597
hidden_size=25
attention_head_size=3
dropout=0.1853838550792014
hidden_continuous_size=8
max_epochs=500
