gradient_clip_val=0.03777987660264176
learning_rate=0.010324520870555123
hidden_size=12
attention_head_size=1
dropout=0.18770092049377712
hidden_continuous_size=10
max_epochs=500
