gradient_clip_val=0.06789956196100175
learning_rate=0.043212344186459084
hidden_size=37
attention_head_size=2
dropout=0.2214193553206457
hidden_continuous_size=11
max_epochs=500
