gradient_clip_val=0.014214961044057114
learning_rate=0.042040396099646944
hidden_size=80
attention_head_size=1
dropout=0.2196581330298319
hidden_continuous_size=61
max_epochs=500
