gradient_clip_val=0.010163950593375071
learning_rate=0.0010153125995342749
hidden_size=13
attention_head_size=1
dropout=0.12604941733270264
hidden_continuous_size=9
max_epochs=500
