gradient_clip_val=0.010093644832856026
learning_rate=0.010645193814368197
hidden_size=17
attention_head_size=3
dropout=0.1469706895444515
hidden_continuous_size=8
max_epochs=500
