gradient_clip_val=0.034970726056285706
learning_rate=0.0010948857970351892
hidden_size=57
attention_head_size=1
dropout=0.1549548138150065
hidden_continuous_size=23
max_epochs=500
