gradient_clip_val=0.3365532095542215
learning_rate=0.007753176063995665
hidden_size=8
attention_head_size=3
dropout=0.2056390761336832
hidden_continuous_size=8
max_epochs=500
