gradient_clip_val=0.018498273734784892
learning_rate=0.007329682231807644
hidden_size=67
attention_head_size=2
dropout=0.23406074349848102
hidden_continuous_size=46
max_epochs=500
