gradient_clip_val=0.01872384978020832
learning_rate=0.00222925574215645
hidden_size=41
attention_head_size=1
dropout=0.14690862509435307
hidden_continuous_size=41
max_epochs=500
