gradient_clip_val=0.48694862458383564
learning_rate=0.008742055284903398
hidden_size=11
attention_head_size=1
dropout=0.2242272021746393
hidden_continuous_size=9
max_epochs=500
