gradient_clip_val=0.07171561193842622
learning_rate=0.002597435746999773
hidden_size=22
attention_head_size=4
dropout=0.12214827879053787
hidden_continuous_size=8
max_epochs=500
