gradient_clip_val=0.02299363105598457
learning_rate=0.00896662137791327
hidden_size=9
attention_head_size=4
dropout=0.22016941113812655
hidden_continuous_size=9
max_epochs=500
