gradient_clip_val=0.02060801238543913
learning_rate=0.005458896762194732
hidden_size=10
attention_head_size=2
dropout=0.26309605572260586
hidden_continuous_size=8
max_epochs=500
