gradient_clip_val=0.030216513859039368
learning_rate=0.08048401897484278
hidden_size=21
attention_head_size=2
dropout=0.18338585161933257
hidden_continuous_size=10
max_epochs=500
