gradient_clip_val=0.020186796570778577
learning_rate=0.0011202020374599469
hidden_size=66
attention_head_size=2
dropout=0.28822668382973593
hidden_continuous_size=22
max_epochs=500
