gradient_clip_val=0.636332472948576
learning_rate=0.010026127981695318
hidden_size=71
attention_head_size=2
dropout=0.2990500940181726
hidden_continuous_size=16
max_epochs=500
