gradient_clip_val=0.01284489097675497
learning_rate=0.001911781834730132
hidden_size=17
attention_head_size=4
dropout=0.169946464917714
hidden_continuous_size=11
max_epochs=500
