gradient_clip_val=0.01163987244877187
learning_rate=0.014594841434124326
hidden_size=16
attention_head_size=4
dropout=0.11671390469067788
hidden_continuous_size=15
max_epochs=500
