gradient_clip_val=0.49914344267499094
learning_rate=0.07123283040969089
hidden_size=33
attention_head_size=1
dropout=0.136674688627675
hidden_continuous_size=12
max_epochs=500
