gradient_clip_val=0.1440251203457545
learning_rate=0.002199585118684878
hidden_size=79
attention_head_size=3
dropout=0.1748003469787234
hidden_continuous_size=9
max_epochs=500
