gradient_clip_val=0.0468883111192605
learning_rate=0.002378120264641678
hidden_size=27
attention_head_size=1
dropout=0.18301145951875963
hidden_continuous_size=16
max_epochs=500
