gradient_clip_val=0.8160737880610587
learning_rate=0.04811705707266683
hidden_size=61
attention_head_size=4
dropout=0.2011299696751575
hidden_continuous_size=19
max_epochs=500
