gradient_clip_val=0.5514359953668796
learning_rate=0.011848863577810365
hidden_size=9
attention_head_size=2
dropout=0.18332684623506307
hidden_continuous_size=9
max_epochs=500
