gradient_clip_val=0.05083058604600696
learning_rate=0.005794800418623001
hidden_size=34
attention_head_size=4
dropout=0.1150510897600437
hidden_continuous_size=10
max_epochs=500
