gradient_clip_val=0.2244100841373684
learning_rate=0.00164173766660265
hidden_size=63
attention_head_size=4
dropout=0.25047437528103667
hidden_continuous_size=21
max_epochs=500
