gradient_clip_val=0.028776400604492044
learning_rate=0.0033476566782881596
hidden_size=26
attention_head_size=4
dropout=0.266051846537665
hidden_continuous_size=20
max_epochs=500
