gradient_clip_val=0.014752550054837705
learning_rate=0.002488137770412405
hidden_size=10
attention_head_size=3
dropout=0.27276450055149926
hidden_continuous_size=10
max_epochs=500
