gradient_clip_val=0.14635531204895008
learning_rate=0.0012091716999126673
hidden_size=55
attention_head_size=2
dropout=0.15633309220943167
hidden_continuous_size=27
max_epochs=500
