gradient_clip_val=0.013980617323888155
learning_rate=0.06457948067530916
hidden_size=16
attention_head_size=3
dropout=0.264516596633239
hidden_continuous_size=9
max_epochs=500
