gradient_clip_val=0.3802877578756523
learning_rate=0.0015314478771499848
hidden_size=22
attention_head_size=2
dropout=0.19494656680522165
hidden_continuous_size=19
max_epochs=500
