gradient_clip_val=0.2083061186789166
learning_rate=0.01982265043864142
hidden_size=10
attention_head_size=4
dropout=0.11880723472305688
hidden_continuous_size=9
max_epochs=500
