gradient_clip_val=0.5409824442854805
learning_rate=0.0012304276857442059
hidden_size=12
attention_head_size=3
dropout=0.20402759593747338
hidden_continuous_size=11
max_epochs=500
