gradient_clip_val=0.043919191398664216
learning_rate=0.015400270631807031
hidden_size=8
attention_head_size=4
dropout=0.10988396462296386
hidden_continuous_size=8
max_epochs=500
