gradient_clip_val=0.3922442237245218
learning_rate=0.003634257336102051
hidden_size=103
attention_head_size=4
dropout=0.17387329920574165
hidden_continuous_size=36
max_epochs=500
