gradient_clip_val=0.6341326645382724
learning_rate=0.0015520163079344106
hidden_size=8
attention_head_size=1
dropout=0.237570786510402
hidden_continuous_size=8
max_epochs=500
