gradient_clip_val=0.07381293287674656
learning_rate=0.007713489568544183
hidden_size=98
attention_head_size=4
dropout=0.12279050145671722
hidden_continuous_size=16
max_epochs=500
