gradient_clip_val=0.01586784759538127
learning_rate=0.0032673018737899083
hidden_size=15
attention_head_size=1
dropout=0.11092474837611058
hidden_continuous_size=15
max_epochs=500
