gradient_clip_val=0.2169617078613796
learning_rate=0.005592608865924791
hidden_size=23
attention_head_size=3
dropout=0.20115130100628892
hidden_continuous_size=14
max_epochs=500
