gradient_clip_val=0.03895059843528686
learning_rate=0.012521982196172357
hidden_size=76
attention_head_size=3
dropout=0.13397590452052227
hidden_continuous_size=11
max_epochs=500
