gradient_clip_val=0.20169660506934214
learning_rate=0.07675967467868984
hidden_size=17
attention_head_size=2
dropout=0.2968466795830968
hidden_continuous_size=11
max_epochs=500
