gradient_clip_val=0.5718188753572101
learning_rate=0.00927699995413895
hidden_size=42
attention_head_size=2
dropout=0.12736608546519596
hidden_continuous_size=10
max_epochs=500
