gradient_clip_val=0.1198052273922384
learning_rate=0.06009507990400945
hidden_size=64
attention_head_size=4
dropout=0.10966580701070805
hidden_continuous_size=11
max_epochs=500
