gradient_clip_val=0.015967428312023222
learning_rate=0.0031335502604480613
hidden_size=46
attention_head_size=4
dropout=0.10202180982423088
hidden_continuous_size=38
max_epochs=500
