gradient_clip_val=0.5478335763404711
learning_rate=0.05081850549614334
hidden_size=98
attention_head_size=2
dropout=0.13275102870896288
hidden_continuous_size=29
max_epochs=500
