gradient_clip_val=0.7053214210760245
learning_rate=0.0013732817753674823
hidden_size=56
attention_head_size=3
dropout=0.1383609423958494
hidden_continuous_size=11
max_epochs=500
