gradient_clip_val=0.03633067758672825
learning_rate=0.019247673712271682
hidden_size=28
attention_head_size=1
dropout=0.18889091031783778
hidden_continuous_size=8
max_epochs=500
