gradient_clip_val=0.7833502259872612
learning_rate=0.001838492430254603
hidden_size=17
attention_head_size=4
dropout=0.15199094467063007
hidden_continuous_size=10
max_epochs=500
