gradient_clip_val=0.05283164830742163
learning_rate=0.004111379267869851
hidden_size=127
attention_head_size=4
dropout=0.2682719400596556
hidden_continuous_size=32
max_epochs=500
