gradient_clip_val=0.011017819825120428
learning_rate=0.0011125700568005478
hidden_size=27
attention_head_size=1
dropout=0.24213313830655903
hidden_continuous_size=13
max_epochs=500
