gradient_clip_val=0.03820204623559017
learning_rate=0.008253486191502606
hidden_size=89
attention_head_size=2
dropout=0.19180407419904555
hidden_continuous_size=9
max_epochs=500
