gradient_clip_val=0.7633745417754972
learning_rate=0.0037602599576018816
hidden_size=18
attention_head_size=1
dropout=0.23577839829528738
hidden_continuous_size=10
max_epochs=500
