gradient_clip_val=0.013071426968586961
learning_rate=0.0022208204261792053
hidden_size=24
attention_head_size=1
dropout=0.1753454796897432
hidden_continuous_size=11
max_epochs=500
