gradient_clip_val=0.676124739281569
learning_rate=0.01976667686200548
hidden_size=14
attention_head_size=3
dropout=0.1124855276313991
hidden_continuous_size=8
max_epochs=500
