gradient_clip_val=0.13654059057643178
learning_rate=0.016491767667622222
hidden_size=21
attention_head_size=1
dropout=0.17655724035931536
hidden_continuous_size=11
max_epochs=500
