gradient_clip_val=0.5342817837097583
learning_rate=0.008058581098604347
hidden_size=78
attention_head_size=1
dropout=0.2993671781091231
hidden_continuous_size=17
max_epochs=500
