gradient_clip_val=0.020405758885321253
learning_rate=0.009428319674284764
hidden_size=58
attention_head_size=4
dropout=0.14763290724274478
hidden_continuous_size=15
max_epochs=500
