gradient_clip_val=0.17234008875171858
learning_rate=0.055355985500133306
hidden_size=61
attention_head_size=3
dropout=0.11787886894887896
hidden_continuous_size=29
max_epochs=500
