gradient_clip_val=0.7925577925003704
learning_rate=0.07697105920946402
hidden_size=48
attention_head_size=2
dropout=0.21294953692706875
hidden_continuous_size=24
max_epochs=500
