gradient_clip_val=0.36312650001818714
learning_rate=0.09107912010196402
hidden_size=8
attention_head_size=2
dropout=0.1297700127055954
hidden_continuous_size=8
max_epochs=500
