gradient_clip_val=0.13107646226090058
learning_rate=0.06187344569679023
hidden_size=56
attention_head_size=2
dropout=0.12032290181079822
hidden_continuous_size=39
max_epochs=500
