gradient_clip_val=0.8385978561551408
learning_rate=0.06791512125238265
hidden_size=25
attention_head_size=1
dropout=0.24720886841136488
hidden_continuous_size=11
max_epochs=500
