gradient_clip_val=0.13190511890759332
learning_rate=0.09930051860868178
hidden_size=25
attention_head_size=1
dropout=0.21286219418372854
hidden_continuous_size=10
max_epochs=500
