gradient_clip_val=0.33507478763104714
learning_rate=0.008339703711897642
hidden_size=12
attention_head_size=2
dropout=0.2944542634344718
hidden_continuous_size=8
max_epochs=500
