gradient_clip_val=0.05898542216454266
learning_rate=0.09928812860491643
hidden_size=10
attention_head_size=1
dropout=0.17083504475889258
hidden_continuous_size=10
max_epochs=500
