gradient_clip_val=0.32713153161079944
learning_rate=0.052578186775408105
hidden_size=9
attention_head_size=4
dropout=0.27616259093719187
hidden_continuous_size=8
max_epochs=500
