gradient_clip_val=0.8959192534957444
learning_rate=0.0020861434802226897
hidden_size=49
attention_head_size=1
dropout=0.16779976038266275
hidden_continuous_size=26
max_epochs=500
