gradient_clip_val=0.22179849595456494
learning_rate=0.0584464620600627
hidden_size=50
attention_head_size=4
dropout=0.1638394381993597
hidden_continuous_size=14
max_epochs=500
