gradient_clip_val=0.04728746476750572
learning_rate=0.06794755835816019
hidden_size=31
attention_head_size=3
dropout=0.12053194134226793
hidden_continuous_size=20
max_epochs=500
