gradient_clip_val=0.8582284758845485
learning_rate=0.004331777318132029
hidden_size=17
attention_head_size=1
dropout=0.22519660275805814
hidden_continuous_size=8
max_epochs=500
