gradient_clip_val=0.8103686835730182
learning_rate=0.0022294829133038866
hidden_size=19
attention_head_size=1
dropout=0.1284230378026806
hidden_continuous_size=15
max_epochs=500
