gradient_clip_val=0.8914654858416896
learning_rate=0.033772297177167336
hidden_size=61
attention_head_size=4
dropout=0.12591713617909364
hidden_continuous_size=17
max_epochs=500
