gradient_clip_val=0.027634362788297125
learning_rate=0.07028710204327893
hidden_size=22
attention_head_size=2
dropout=0.15668990036803537
hidden_continuous_size=18
max_epochs=500
