gradient_clip_val=0.03960527546885605
learning_rate=0.08638455603547913
hidden_size=21
attention_head_size=2
dropout=0.24525201998223226
hidden_continuous_size=9
max_epochs=500
