gradient_clip_val=0.29399636442546845
learning_rate=0.0025154495397905537
hidden_size=35
attention_head_size=1
dropout=0.22293343797859044
hidden_continuous_size=23
max_epochs=500
