gradient_clip_val=0.10768000377036711
learning_rate=0.0041858182018083435
hidden_size=60
attention_head_size=4
dropout=0.1686774991536879
hidden_continuous_size=42
max_epochs=500
