gradient_clip_val=0.023771458881005656
learning_rate=0.05986406637556771
hidden_size=122
attention_head_size=1
dropout=0.16059543255861192
hidden_continuous_size=69
max_epochs=500
