gradient_clip_val=0.3071255266412366
learning_rate=0.00242849742801587
hidden_size=19
attention_head_size=3
dropout=0.1687341763482166
hidden_continuous_size=18
max_epochs=500
