gradient_clip_val=0.014387971737746587
learning_rate=0.021391466348512505
hidden_size=22
attention_head_size=3
dropout=0.12004512495094377
hidden_continuous_size=13
max_epochs=500
