gradient_clip_val=0.17903279654005053
learning_rate=0.00229206899526434
hidden_size=86
attention_head_size=2
dropout=0.254949560371562
hidden_continuous_size=62
max_epochs=500
