gradient_clip_val=0.04090641784478735
learning_rate=0.0033457172119251166
hidden_size=56
attention_head_size=3
dropout=0.26309128549511296
hidden_continuous_size=45
max_epochs=500
