gradient_clip_val=0.03782313290587295
learning_rate=0.08741838378139243
hidden_size=14
attention_head_size=2
dropout=0.2932436014046732
hidden_continuous_size=9
max_epochs=500
