gradient_clip_val=0.24814892582479212
learning_rate=0.003955728166943864
hidden_size=83
attention_head_size=1
dropout=0.13901829480976816
hidden_continuous_size=16
max_epochs=500
