gradient_clip_val=0.10371357946670759
learning_rate=0.022460445455835084
hidden_size=33
attention_head_size=3
dropout=0.11220289586395092
hidden_continuous_size=12
max_epochs=500
