gradient_clip_val=0.04127053694210893
learning_rate=0.029662750234540205
hidden_size=43
attention_head_size=4
dropout=0.1283887500962611
hidden_continuous_size=31
max_epochs=500
