gradient_clip_val=0.3500404744946506
learning_rate=0.0021214230672186012
hidden_size=34
attention_head_size=1
dropout=0.2650856454430881
hidden_continuous_size=11
max_epochs=500
