gradient_clip_val=0.10450051967966845
learning_rate=0.0018475814488086643
hidden_size=83
attention_head_size=3
dropout=0.14207632530675673
hidden_continuous_size=48
max_epochs=500
