gradient_clip_val=0.07345076319769123
learning_rate=0.0026250258891783854
hidden_size=21
attention_head_size=3
dropout=0.2554733555344363
hidden_continuous_size=8
max_epochs=500
