gradient_clip_val=0.024589318578399678
learning_rate=0.03276096045139508
hidden_size=100
attention_head_size=2
dropout=0.21229632631100753
hidden_continuous_size=72
max_epochs=500
