gradient_clip_val=0.8562061593963429
learning_rate=0.0025339236326314338
hidden_size=16
attention_head_size=2
dropout=0.1251239233031258
hidden_continuous_size=13
max_epochs=500
