gradient_clip_val=0.09499492069026555
learning_rate=0.014386814722416316
hidden_size=17
attention_head_size=3
dropout=0.22589919185438373
hidden_continuous_size=11
max_epochs=500
