gradient_clip_val=0.013032175417814675
learning_rate=0.09486385881583101
hidden_size=102
attention_head_size=2
dropout=0.2780587480512247
hidden_continuous_size=27
max_epochs=500
