gradient_clip_val=0.6025888550283405
learning_rate=0.01781475597962457
hidden_size=66
attention_head_size=3
dropout=0.2011492241634377
hidden_continuous_size=9
max_epochs=500
