gradient_clip_val=0.7588692303169116
learning_rate=0.005426411857166642
hidden_size=39
attention_head_size=1
dropout=0.2645326961253326
hidden_continuous_size=21
max_epochs=500
