gradient_clip_val=0.010698641787497732
learning_rate=0.015397212639975075
hidden_size=12
attention_head_size=3
dropout=0.1387019672215469
hidden_continuous_size=10
max_epochs=500
