gradient_clip_val=0.09809188160053128
learning_rate=0.0073409065083381575
hidden_size=9
attention_head_size=4
dropout=0.19064506711295137
hidden_continuous_size=9
max_epochs=500
