gradient_clip_val=0.03259650473091362
learning_rate=0.0019999298538436873
hidden_size=57
attention_head_size=1
dropout=0.27582339495363006
hidden_continuous_size=16
max_epochs=500
