gradient_clip_val=0.13280238623081536
learning_rate=0.07172969752032658
hidden_size=9
attention_head_size=3
dropout=0.16493070567533952
hidden_continuous_size=8
max_epochs=500
