gradient_clip_val=0.4737754530659465
learning_rate=0.0043702392638020416
hidden_size=35
attention_head_size=4
dropout=0.19811734287660965
hidden_continuous_size=16
max_epochs=500
