gradient_clip_val=0.01511490824496782
learning_rate=0.0017496957953451841
hidden_size=46
attention_head_size=2
dropout=0.11190154839579514
hidden_continuous_size=39
max_epochs=500
