gradient_clip_val=0.012433501725679481
learning_rate=0.06407025057295744
hidden_size=48
attention_head_size=4
dropout=0.2815469681055659
hidden_continuous_size=12
max_epochs=500
