gradient_clip_val=0.3916618673131629
learning_rate=0.0011639327219710068
hidden_size=32
attention_head_size=3
dropout=0.10290756742640013
hidden_continuous_size=32
max_epochs=500
