gradient_clip_val=0.026073304821371417
learning_rate=0.001551783427841344
hidden_size=34
attention_head_size=3
dropout=0.17626752995084974
hidden_continuous_size=22
max_epochs=500
