gradient_clip_val=0.09683034554499977
learning_rate=0.00224618322328518
hidden_size=13
attention_head_size=2
dropout=0.23747259679594887
hidden_continuous_size=10
max_epochs=500
