gradient_clip_val=0.05966191058936898
learning_rate=0.001275620573217065
hidden_size=45
attention_head_size=4
dropout=0.25886657191288587
hidden_continuous_size=13
max_epochs=500
