gradient_clip_val=0.12480657249308189
learning_rate=0.003999522578973103
hidden_size=126
attention_head_size=2
dropout=0.17739070603720872
hidden_continuous_size=17
max_epochs=500
