gradient_clip_val=0.061809241672432694
learning_rate=0.07212871614687437
hidden_size=39
attention_head_size=2
dropout=0.2379268188569445
hidden_continuous_size=13
max_epochs=500
