gradient_clip_val=0.7320181729638586
learning_rate=0.0033840994517805832
hidden_size=13
attention_head_size=3
dropout=0.16600249304980186
hidden_continuous_size=12
max_epochs=500
