gradient_clip_val=0.016618547965013348
learning_rate=0.06550447583738457
hidden_size=87
attention_head_size=2
dropout=0.24693901780389982
hidden_continuous_size=62
max_epochs=500
