gradient_clip_val=0.04233551776379754
learning_rate=0.01266484138279824
hidden_size=98
attention_head_size=1
dropout=0.2946378103462777
hidden_continuous_size=35
max_epochs=500
