gradient_clip_val=0.028410223840930164
learning_rate=0.003384023787963321
hidden_size=57
attention_head_size=1
dropout=0.27026803190252047
hidden_continuous_size=27
max_epochs=500
