gradient_clip_val=0.033391146022022845
learning_rate=0.0025337850670528648
hidden_size=32
attention_head_size=3
dropout=0.19798610627309499
hidden_continuous_size=31
max_epochs=500
