gradient_clip_val=0.04543118241984526
learning_rate=0.004030991259547373
hidden_size=59
attention_head_size=4
dropout=0.23867270721549708
hidden_continuous_size=46
max_epochs=500
