gradient_clip_val=0.10310676852033113
learning_rate=0.010237658180012332
hidden_size=9
attention_head_size=3
dropout=0.22838370947260378
hidden_continuous_size=8
max_epochs=500
