gradient_clip_val=0.04265484104406201
learning_rate=0.0011691913749858921
hidden_size=46
attention_head_size=1
dropout=0.10024853865540731
hidden_continuous_size=17
max_epochs=500
