gradient_clip_val=0.4219445295962445
learning_rate=0.010276646070191936
hidden_size=17
attention_head_size=2
dropout=0.19788349540125866
hidden_continuous_size=8
max_epochs=500
