gradient_clip_val=0.012698719446415473
learning_rate=0.045590712118935485
hidden_size=97
attention_head_size=1
dropout=0.15578867011140884
hidden_continuous_size=58
max_epochs=500
