gradient_clip_val=0.03455953452247934
learning_rate=0.001894380541191386
hidden_size=10
attention_head_size=2
dropout=0.27889090977131226
hidden_continuous_size=10
max_epochs=500
