gradient_clip_val=0.025983559908131813
learning_rate=0.012306059432712544
hidden_size=23
attention_head_size=2
dropout=0.137600042727368
hidden_continuous_size=10
max_epochs=500
