gradient_clip_val=0.4407212054772217
learning_rate=0.0016554061730426608
hidden_size=51
attention_head_size=1
dropout=0.2077814198287625
hidden_continuous_size=12
max_epochs=500
