gradient_clip_val=0.10282260215708564
learning_rate=0.011654352778997283
hidden_size=8
attention_head_size=1
dropout=0.1319712211316371
hidden_continuous_size=8
max_epochs=500
