gradient_clip_val=0.0521083538814834
learning_rate=0.00842206410194864
hidden_size=14
attention_head_size=1
dropout=0.19114043095696792
hidden_continuous_size=9
max_epochs=500
