gradient_clip_val=0.4086123765540723
learning_rate=0.025907017839009082
hidden_size=8
attention_head_size=3
dropout=0.13500957803172273
hidden_continuous_size=8
max_epochs=500
