gradient_clip_val=0.5655461620375771
learning_rate=0.06660237370217263
hidden_size=59
attention_head_size=1
dropout=0.20094196008725804
hidden_continuous_size=12
max_epochs=500
