gradient_clip_val=0.029060326348546967
learning_rate=0.0018712653331364054
hidden_size=36
attention_head_size=1
dropout=0.17367601171963054
hidden_continuous_size=14
max_epochs=500
