gradient_clip_val=0.01127415061688299
learning_rate=0.008748561052089673
hidden_size=56
attention_head_size=1
dropout=0.27118333775295284
hidden_continuous_size=9
max_epochs=500
