gradient_clip_val=0.052130286360439156
learning_rate=0.002967732302445271
hidden_size=59
attention_head_size=4
dropout=0.11034726596709721
hidden_continuous_size=45
max_epochs=500
