gradient_clip_val=0.36603217272095967
learning_rate=0.020826858789778604
hidden_size=10
attention_head_size=2
dropout=0.14251415523139283
hidden_continuous_size=9
max_epochs=500
