gradient_clip_val=0.7755577343066509
learning_rate=0.04190914457211815
hidden_size=17
attention_head_size=4
dropout=0.1344429550098073
hidden_continuous_size=16
max_epochs=500
