gradient_clip_val=0.15271159072513468
learning_rate=0.008756308860259382
hidden_size=35
attention_head_size=1
dropout=0.26887564551629106
hidden_continuous_size=21
max_epochs=500
