gradient_clip_val=0.0307510258748156
learning_rate=0.006995112311922604
hidden_size=10
attention_head_size=2
dropout=0.15960757248474097
hidden_continuous_size=10
max_epochs=500
