gradient_clip_val=0.6228599717458074
learning_rate=0.0015415450275390406
hidden_size=72
attention_head_size=2
dropout=0.10503588052299431
hidden_continuous_size=28
max_epochs=500
