gradient_clip_val=0.1570816532803352
learning_rate=0.024524973976016138
hidden_size=63
attention_head_size=4
dropout=0.2827281623213399
hidden_continuous_size=52
max_epochs=500
