gradient_clip_val=0.04685830810516884
learning_rate=0.0018487717485269873
hidden_size=127
attention_head_size=2
dropout=0.1051626221929364
hidden_continuous_size=16
max_epochs=500
