gradient_clip_val=0.22718209479575588
learning_rate=0.02609498497641096
hidden_size=36
attention_head_size=3
dropout=0.1299384307234299
hidden_continuous_size=26
max_epochs=500
