gradient_clip_val=0.5424786538250717
learning_rate=0.0018581205786267591
hidden_size=19
attention_head_size=1
dropout=0.1877313175763061
hidden_continuous_size=19
max_epochs=500
