gradient_clip_val=0.035349270043719815
learning_rate=0.0010550299760762345
hidden_size=45
attention_head_size=1
dropout=0.1207207669459324
hidden_continuous_size=24
max_epochs=500
