gradient_clip_val=0.01639848497902884
learning_rate=0.0014357804164122337
hidden_size=17
attention_head_size=2
dropout=0.23401532451462195
hidden_continuous_size=14
max_epochs=500
