gradient_clip_val=0.05040944615043725
learning_rate=0.029547785277450573
hidden_size=16
attention_head_size=2
dropout=0.25349441590138344
hidden_continuous_size=16
max_epochs=500
