gradient_clip_val=0.011842385055634112
learning_rate=0.0011790114197695956
hidden_size=9
attention_head_size=4
dropout=0.1750762571345119
hidden_continuous_size=9
max_epochs=500
