gradient_clip_val=0.010423797954776179
learning_rate=0.01889916411784297
hidden_size=67
attention_head_size=2
dropout=0.19444887169083167
hidden_continuous_size=38
max_epochs=500
