gradient_clip_val=0.011115988374313743
learning_rate=0.0015007222312147137
hidden_size=63
attention_head_size=3
dropout=0.11571122469509838
hidden_continuous_size=10
max_epochs=500
