gradient_clip_val=0.017440635683669166
learning_rate=0.09387658877326055
hidden_size=9
attention_head_size=4
dropout=0.2231155307199672
hidden_continuous_size=9
max_epochs=500
