gradient_clip_val=0.15839033001610744
learning_rate=0.003127556599335441
hidden_size=8
attention_head_size=2
dropout=0.15047133157685122
hidden_continuous_size=8
max_epochs=500
