gradient_clip_val=0.22519101552405496
learning_rate=0.041113730979924205
hidden_size=23
attention_head_size=2
dropout=0.15352957851779941
hidden_continuous_size=19
max_epochs=500
