gradient_clip_val=0.5107700387586097
learning_rate=0.002590003543251226
hidden_size=57
attention_head_size=1
dropout=0.22480622234595501
hidden_continuous_size=55
max_epochs=500
