gradient_clip_val=0.7177572964128032
learning_rate=0.004977392219952272
hidden_size=9
attention_head_size=2
dropout=0.19919239050944382
hidden_continuous_size=8
max_epochs=500
