gradient_clip_val=0.15107878252744383
learning_rate=0.0030391703530013776
hidden_size=22
attention_head_size=3
dropout=0.10633113415294251
hidden_continuous_size=8
max_epochs=500
