gradient_clip_val=0.025947798014870824
learning_rate=0.06850462488265836
hidden_size=18
attention_head_size=3
dropout=0.2938175093062043
hidden_continuous_size=11
max_epochs=500
