gradient_clip_val=0.06894107589059488
learning_rate=0.0011387403217688367
hidden_size=40
attention_head_size=3
dropout=0.23466238637452544
hidden_continuous_size=11
max_epochs=500
