gradient_clip_val=0.032670482105887064
learning_rate=0.0011866999413319766
hidden_size=57
attention_head_size=3
dropout=0.10378866596657171
hidden_continuous_size=12
max_epochs=500
