gradient_clip_val=0.4431507512828014
learning_rate=0.013343336640705548
hidden_size=10
attention_head_size=2
dropout=0.18833410649963533
hidden_continuous_size=9
max_epochs=500
