gradient_clip_val=0.02683953893176046
learning_rate=0.06091697003658577
hidden_size=10
attention_head_size=3
dropout=0.20529307187259677
hidden_continuous_size=10
max_epochs=500
