gradient_clip_val=0.014172078331656774
learning_rate=0.021387893009914016
hidden_size=12
attention_head_size=1
dropout=0.24396525362916133
hidden_continuous_size=11
max_epochs=500
