gradient_clip_val=0.07784297751991962
learning_rate=0.08015384036355637
hidden_size=19
attention_head_size=1
dropout=0.12830181212198222
hidden_continuous_size=8
max_epochs=500
