gradient_clip_val=0.03651986781703378
learning_rate=0.025670588698957286
hidden_size=20
attention_head_size=1
dropout=0.15522373413818935
hidden_continuous_size=8
max_epochs=500
