gradient_clip_val=0.017333366619168174
learning_rate=0.04507109688005094
hidden_size=51
attention_head_size=3
dropout=0.21754674903115076
hidden_continuous_size=44
max_epochs=500
