gradient_clip_val=0.3206383043375696
learning_rate=0.010806339693107854
hidden_size=12
attention_head_size=1
dropout=0.2830970538086538
hidden_continuous_size=12
max_epochs=500
