gradient_clip_val=0.06196222107876501
learning_rate=0.00711558699633192
hidden_size=29
attention_head_size=2
dropout=0.22709368225852944
hidden_continuous_size=17
max_epochs=500
