gradient_clip_val=0.9497028640052341
learning_rate=0.008873956629490172
hidden_size=11
attention_head_size=1
dropout=0.25050801600319617
hidden_continuous_size=8
max_epochs=500
