gradient_clip_val=0.6570354667018538
learning_rate=0.002129489674451435
hidden_size=37
attention_head_size=3
dropout=0.19343920734010378
hidden_continuous_size=10
max_epochs=500
