gradient_clip_val=0.02648293172642112
learning_rate=0.0011357909610613533
hidden_size=23
attention_head_size=1
dropout=0.1894704748924696
hidden_continuous_size=12
max_epochs=500
