gradient_clip_val=0.09702795616604286
learning_rate=0.03448647390742526
hidden_size=105
attention_head_size=3
dropout=0.12558819451268438
hidden_continuous_size=33
max_epochs=500
