gradient_clip_val=0.7953073904094631
learning_rate=0.0036565482337201235
hidden_size=19
attention_head_size=2
dropout=0.2216819683385642
hidden_continuous_size=11
max_epochs=500
