gradient_clip_val=0.07777681179467957
learning_rate=0.03240850230004708
hidden_size=53
attention_head_size=1
dropout=0.1560903027630738
hidden_continuous_size=16
max_epochs=500
