gradient_clip_val=0.04560946812622912
learning_rate=0.0010761076678703326
hidden_size=29
attention_head_size=1
dropout=0.24675989380409344
hidden_continuous_size=17
max_epochs=500
