gradient_clip_val=0.6387203827998968
learning_rate=0.014888708564591742
hidden_size=40
attention_head_size=2
dropout=0.16929802245068473
hidden_continuous_size=35
max_epochs=500
