gradient_clip_val=0.025905981368589532
learning_rate=0.015351190788512393
hidden_size=8
attention_head_size=4
dropout=0.16033117956673662
hidden_continuous_size=8
max_epochs=500
