gradient_clip_val=0.09100672395828807
learning_rate=0.09519861222111266
hidden_size=10
attention_head_size=4
dropout=0.2719505385165025
hidden_continuous_size=8
max_epochs=500
