gradient_clip_val=0.025418992597137376
learning_rate=0.0032376058617086733
hidden_size=22
attention_head_size=1
dropout=0.12270603219363055
hidden_continuous_size=15
max_epochs=500
