gradient_clip_val=0.031489666057375514
learning_rate=0.008242640918287388
hidden_size=24
attention_head_size=1
dropout=0.11085950671239825
hidden_continuous_size=9
max_epochs=500
