gradient_clip_val=0.1500043701887482
learning_rate=0.01543087926333936
hidden_size=15
attention_head_size=3
dropout=0.20370938572825778
hidden_continuous_size=12
max_epochs=500
