gradient_clip_val=0.026948786038996028
learning_rate=0.007256420038716148
hidden_size=16
attention_head_size=1
dropout=0.2576035061987613
hidden_continuous_size=16
max_epochs=500
