gradient_clip_val=0.018835512203093
learning_rate=0.031252359933789955
hidden_size=74
attention_head_size=4
dropout=0.156831991884362
hidden_continuous_size=47
max_epochs=500
