gradient_clip_val=0.7400583210425229
learning_rate=0.029112955685411546
hidden_size=119
attention_head_size=4
dropout=0.11863944446904283
hidden_continuous_size=19
max_epochs=500
