gradient_clip_val=0.15379090967482803
learning_rate=0.0018373435143432054
hidden_size=37
attention_head_size=1
dropout=0.150493244575556
hidden_continuous_size=11
max_epochs=500
