gradient_clip_val=0.051239918507232925
learning_rate=0.025291973054775346
hidden_size=93
attention_head_size=1
dropout=0.2669104713995818
hidden_continuous_size=26
max_epochs=500
