gradient_clip_val=0.8504345829699215
learning_rate=0.05223058062995943
hidden_size=67
attention_head_size=2
dropout=0.2317843020342353
hidden_continuous_size=29
max_epochs=500
