gradient_clip_val=0.017887110491623223
learning_rate=0.006292830123504772
hidden_size=80
attention_head_size=4
dropout=0.13491027101718095
hidden_continuous_size=23
max_epochs=500
