gradient_clip_val=0.049726152426672235
learning_rate=0.09834140322357406
hidden_size=32
attention_head_size=2
dropout=0.19970877387264194
hidden_continuous_size=8
max_epochs=500
