gradient_clip_val=0.01290329160927879
learning_rate=0.09294780278023575
hidden_size=17
attention_head_size=3
dropout=0.26282570050126397
hidden_continuous_size=10
max_epochs=500
