gradient_clip_val=0.16786561670496503
learning_rate=0.001239653868359231
hidden_size=14
attention_head_size=1
dropout=0.24028056850454352
hidden_continuous_size=11
max_epochs=500
