gradient_clip_val=0.4437330836325855
learning_rate=0.0042008829166448125
hidden_size=84
attention_head_size=1
dropout=0.27012902556607
hidden_continuous_size=31
max_epochs=500
