gradient_clip_val=0.5931074135561059
learning_rate=0.01734735616938233
hidden_size=68
attention_head_size=3
dropout=0.19223029391111573
hidden_continuous_size=10
max_epochs=500
