gradient_clip_val=0.09756777098242243
learning_rate=0.057350573592438524
hidden_size=51
attention_head_size=1
dropout=0.2107250014102623
hidden_continuous_size=11
max_epochs=500
