gradient_clip_val=0.0263647552730392
learning_rate=0.010557235403910452
hidden_size=51
attention_head_size=3
dropout=0.1936903357909842
hidden_continuous_size=19
max_epochs=500
