gradient_clip_val=0.0872651880506873
learning_rate=0.0010744963612210271
hidden_size=61
attention_head_size=2
dropout=0.10762915070269397
hidden_continuous_size=17
max_epochs=500
