gradient_clip_val=0.31668797526888137
learning_rate=0.025557051983039186
hidden_size=16
attention_head_size=1
dropout=0.27292206534419383
hidden_continuous_size=14
max_epochs=500
