gradient_clip_val=0.021005557924235283
learning_rate=0.001086345993610405
hidden_size=15
attention_head_size=1
dropout=0.20106861393042624
hidden_continuous_size=14
max_epochs=500
