gradient_clip_val=0.28430697231428237
learning_rate=0.003658959361967445
hidden_size=93
attention_head_size=2
dropout=0.23305664917415583
hidden_continuous_size=24
max_epochs=500
