gradient_clip_val=0.018129023154814444
learning_rate=0.08092479079406359
hidden_size=27
attention_head_size=1
dropout=0.20757419395292875
hidden_continuous_size=11
max_epochs=500
