gradient_clip_val=0.6303563969383645
learning_rate=0.03658924029833052
hidden_size=14
attention_head_size=3
dropout=0.1683472768983526
hidden_continuous_size=13
max_epochs=500
