gradient_clip_val=0.044448516575340186
learning_rate=0.0016201136342861983
hidden_size=67
attention_head_size=2
dropout=0.1366510311490143
hidden_continuous_size=43
max_epochs=500
