gradient_clip_val=0.026571737097778738
learning_rate=0.0015278980564921486
hidden_size=10
attention_head_size=4
dropout=0.12469184059457213
hidden_continuous_size=10
max_epochs=500
