gradient_clip_val=0.44761631797595386
learning_rate=0.00937886405032787
hidden_size=62
attention_head_size=3
dropout=0.1323272221676299
hidden_continuous_size=8
max_epochs=500
