gradient_clip_val=0.7958607080747527
learning_rate=0.007848727523157883
hidden_size=8
attention_head_size=4
dropout=0.10205261187879067
hidden_continuous_size=8
max_epochs=500
