gradient_clip_val=0.01039310262878332
learning_rate=0.002781038350229826
hidden_size=26
attention_head_size=4
dropout=0.1537184575559722
hidden_continuous_size=8
max_epochs=500
