gradient_clip_val=0.11663856228517683
learning_rate=0.004120664851637104
hidden_size=46
attention_head_size=1
dropout=0.29710895190699704
hidden_continuous_size=29
max_epochs=500
