gradient_clip_val=0.5913334602145794
learning_rate=0.02991196216826121
hidden_size=52
attention_head_size=3
dropout=0.2991761870778159
hidden_continuous_size=35
max_epochs=500
