gradient_clip_val=0.12221375473196466
learning_rate=0.007886737172491042
hidden_size=40
attention_head_size=3
dropout=0.27980785073610237
hidden_continuous_size=13
max_epochs=500
