gradient_clip_val=0.26318805078077195
learning_rate=0.005302777667125854
hidden_size=13
attention_head_size=3
dropout=0.29252238727361013
hidden_continuous_size=11
max_epochs=500
