gradient_clip_val=0.19946290664913718
learning_rate=0.005757778342213402
hidden_size=36
attention_head_size=2
dropout=0.2544063196735751
hidden_continuous_size=20
max_epochs=500
