gradient_clip_val=0.2120973103023096
learning_rate=0.04763936363231235
hidden_size=105
attention_head_size=2
dropout=0.15289002173100738
hidden_continuous_size=81
max_epochs=500
