gradient_clip_val=0.35236514246652895
learning_rate=0.0044484904682012385
hidden_size=12
attention_head_size=4
dropout=0.1094795527055199
hidden_continuous_size=8
max_epochs=500
