gradient_clip_val=0.07201074587488762
learning_rate=0.07909184289411839
hidden_size=10
attention_head_size=2
dropout=0.20307667676058383
hidden_continuous_size=8
max_epochs=500
