gradient_clip_val=0.6265331799192022
learning_rate=0.041470550115761076
hidden_size=86
attention_head_size=1
dropout=0.147848809055408
hidden_continuous_size=85
max_epochs=500
