gradient_clip_val=0.061411586345559606
learning_rate=0.08709992889364643
hidden_size=101
attention_head_size=3
dropout=0.29671001631977484
hidden_continuous_size=51
max_epochs=500
