gradient_clip_val=0.025466051542742084
learning_rate=0.001226504463036335
hidden_size=11
attention_head_size=4
dropout=0.22853306973647955
hidden_continuous_size=11
max_epochs=500
