gradient_clip_val=0.28936974130344284
learning_rate=0.05921305195537253
hidden_size=60
attention_head_size=2
dropout=0.26592217353331227
hidden_continuous_size=44
max_epochs=500
