gradient_clip_val=0.05822754906609975
learning_rate=0.006476713570939597
hidden_size=12
attention_head_size=1
dropout=0.10669307498766303
hidden_continuous_size=9
max_epochs=500
