gradient_clip_val=0.15452472233002706
learning_rate=0.001292207826843711
hidden_size=13
attention_head_size=4
dropout=0.2674372425298833
hidden_continuous_size=13
max_epochs=500
