gradient_clip_val=0.03742979805608793
learning_rate=0.0015344859414210456
hidden_size=12
attention_head_size=2
dropout=0.2967143397746984
hidden_continuous_size=11
max_epochs=500
