gradient_clip_val=0.010438855869934498
learning_rate=0.0029583205044270023
hidden_size=8
attention_head_size=4
dropout=0.24839207907844646
hidden_continuous_size=8
max_epochs=500
