gradient_clip_val=0.18382018665422054
learning_rate=0.008453729128671721
hidden_size=26
attention_head_size=2
dropout=0.281009386834818
hidden_continuous_size=23
max_epochs=500
