gradient_clip_val=0.01357433206396184
learning_rate=0.03256833309281129
hidden_size=96
attention_head_size=1
dropout=0.21363681182691707
hidden_continuous_size=47
max_epochs=500
