gradient_clip_val=0.1578444792103524
learning_rate=0.052320163740047144
hidden_size=103
attention_head_size=3
dropout=0.2830471889211458
hidden_continuous_size=21
max_epochs=500
