gradient_clip_val=0.036662968891556326
learning_rate=0.003297853863554458
hidden_size=8
attention_head_size=1
dropout=0.17804778019278966
hidden_continuous_size=8
max_epochs=500
