gradient_clip_val=0.3887891032652109
learning_rate=0.03279216414626415
hidden_size=63
attention_head_size=3
dropout=0.29118998391111955
hidden_continuous_size=44
max_epochs=500
