gradient_clip_val=0.031461456949247894
learning_rate=0.005331790222394907
hidden_size=75
attention_head_size=2
dropout=0.195657857670259
hidden_continuous_size=46
max_epochs=500
