gradient_clip_val=0.12062356255914118
learning_rate=0.001028156312888974
hidden_size=12
attention_head_size=1
dropout=0.20597006400593987
hidden_continuous_size=10
max_epochs=500
