gradient_clip_val=0.7612524078389711
learning_rate=0.08730497830839758
hidden_size=72
attention_head_size=1
dropout=0.1918408272483911
hidden_continuous_size=9
max_epochs=500
