gradient_clip_val=0.02166202778037846
learning_rate=0.07210845811021131
hidden_size=78
attention_head_size=3
dropout=0.1556721512027761
hidden_continuous_size=26
max_epochs=500
