gradient_clip_val=0.10251177461382997
learning_rate=0.005635930831083047
hidden_size=11
attention_head_size=3
dropout=0.12300605520876849
hidden_continuous_size=8
max_epochs=500
