gradient_clip_val=0.49888863814386425
learning_rate=0.006252626385619047
hidden_size=18
attention_head_size=2
dropout=0.18365473596279597
hidden_continuous_size=10
max_epochs=500
