gradient_clip_val=0.023380775743579097
learning_rate=0.021756211503626322
hidden_size=21
attention_head_size=4
dropout=0.2693692335086412
hidden_continuous_size=12
max_epochs=500
