gradient_clip_val=0.012974665564181365
learning_rate=0.0014956932809436232
hidden_size=9
attention_head_size=3
dropout=0.22139313032004776
hidden_continuous_size=8
max_epochs=500
