gradient_clip_val=0.12727696370929723
learning_rate=0.011012635434398826
hidden_size=37
attention_head_size=2
dropout=0.2937595939649067
hidden_continuous_size=19
max_epochs=500
