gradient_clip_val=0.026624175308650994
learning_rate=0.005139643065041839
hidden_size=15
attention_head_size=4
dropout=0.10768188634692522
hidden_continuous_size=11
max_epochs=500
