gradient_clip_val=0.8577768158626896
learning_rate=0.04004577761567716
hidden_size=10
attention_head_size=4
dropout=0.2073888974116726
hidden_continuous_size=9
max_epochs=500
