gradient_clip_val=0.6915712341375571
learning_rate=0.008158735210611027
hidden_size=106
attention_head_size=3
dropout=0.12056728383362736
hidden_continuous_size=29
max_epochs=500
