gradient_clip_val=0.025243560483742208
learning_rate=0.008021811388182743
hidden_size=16
attention_head_size=4
dropout=0.17870526336561146
hidden_continuous_size=16
max_epochs=500
