gradient_clip_val=0.39557381271892594
learning_rate=0.005169271364350802
hidden_size=13
attention_head_size=2
dropout=0.211506487180327
hidden_continuous_size=10
max_epochs=500
