gradient_clip_val=0.5190974732572963
learning_rate=0.002404702193318343
hidden_size=111
attention_head_size=3
dropout=0.2787289937937484
hidden_continuous_size=13
max_epochs=500
