gradient_clip_val=0.015085153929952548
learning_rate=0.043880358914154934
hidden_size=65
attention_head_size=2
dropout=0.26726476851471104
hidden_continuous_size=26
max_epochs=500
