gradient_clip_val=0.02080156654279206
learning_rate=0.021590211979093187
hidden_size=10
attention_head_size=3
dropout=0.2967289415059803
hidden_continuous_size=9
max_epochs=500
