gradient_clip_val=0.10102297933972564
learning_rate=0.0020570063389592206
hidden_size=65
attention_head_size=4
dropout=0.2716864680402358
hidden_continuous_size=20
max_epochs=500
