gradient_clip_val=0.03417201025991664
learning_rate=0.047120151042476945
hidden_size=8
attention_head_size=1
dropout=0.1713515509441948
hidden_continuous_size=8
max_epochs=500
