gradient_clip_val=0.039607174559188975
learning_rate=0.06838768492857432
hidden_size=23
attention_head_size=4
dropout=0.16521466040834787
hidden_continuous_size=16
max_epochs=500
