gradient_clip_val=0.059946784515658
learning_rate=0.004547892088453386
hidden_size=17
attention_head_size=4
dropout=0.15283593361032147
hidden_continuous_size=9
max_epochs=500
