gradient_clip_val=0.14891590536982066
learning_rate=0.0020391232452698616
hidden_size=15
attention_head_size=3
dropout=0.28959304127996544
hidden_continuous_size=13
max_epochs=500
