gradient_clip_val=0.038030938462903084
learning_rate=0.004329018184668525
hidden_size=12
attention_head_size=4
dropout=0.14807284299315815
hidden_continuous_size=9
max_epochs=500
