gradient_clip_val=0.11132238538792578
learning_rate=0.0701444494326526
hidden_size=34
attention_head_size=3
dropout=0.14116049084923885
hidden_continuous_size=12
max_epochs=500
