gradient_clip_val=0.9166664191934286
learning_rate=0.02225880782048627
hidden_size=11
attention_head_size=2
dropout=0.11970188433700002
hidden_continuous_size=9
max_epochs=500
