gradient_clip_val=0.01572761579281051
learning_rate=0.008695675513670937
hidden_size=31
attention_head_size=3
dropout=0.29042844907079757
hidden_continuous_size=24
max_epochs=500
