gradient_clip_val=0.13522392037673048
learning_rate=0.0025396352784547702
hidden_size=35
attention_head_size=1
dropout=0.22295635133618724
hidden_continuous_size=21
max_epochs=500
