gradient_clip_val=0.5596586069376591
learning_rate=0.0028533667346783854
hidden_size=71
attention_head_size=3
dropout=0.2192221606562414
hidden_continuous_size=8
max_epochs=500
