gradient_clip_val=0.04853631143061512
learning_rate=0.0015343540424736157
hidden_size=9
attention_head_size=1
dropout=0.24283847616762946
hidden_continuous_size=9
max_epochs=500
