gradient_clip_val=0.7487588977094507
learning_rate=0.044785338971973294
hidden_size=33
attention_head_size=4
dropout=0.26054553992149093
hidden_continuous_size=10
max_epochs=500
