gradient_clip_val=0.254823899458451
learning_rate=0.012377636403821796
hidden_size=62
attention_head_size=1
dropout=0.2734333523297784
hidden_continuous_size=13
max_epochs=500
