gradient_clip_val=0.09952460402074194
learning_rate=0.01079106309090016
hidden_size=40
attention_head_size=2
dropout=0.17687773796773557
hidden_continuous_size=21
max_epochs=500
