gradient_clip_val=0.3007770977602129
learning_rate=0.015315678812601308
hidden_size=28
attention_head_size=1
dropout=0.125990734964815
hidden_continuous_size=22
max_epochs=500
