gradient_clip_val=0.10057536496103
learning_rate=0.007965391921859938
hidden_size=21
attention_head_size=1
dropout=0.26785331774267396
hidden_continuous_size=11
max_epochs=500
