gradient_clip_val=0.11056437225964715
learning_rate=0.093181714313901
hidden_size=32
attention_head_size=4
dropout=0.16700733323196004
hidden_continuous_size=31
max_epochs=500
