gradient_clip_val=0.18207863001299848
learning_rate=0.005201442233683054
hidden_size=15
attention_head_size=3
dropout=0.2757345700742678
hidden_continuous_size=10
max_epochs=500
