gradient_clip_val=0.07203610264152853
learning_rate=0.008474589339766537
hidden_size=122
attention_head_size=4
dropout=0.12192762789527478
hidden_continuous_size=15
max_epochs=500
