gradient_clip_val=0.3617816293211447
learning_rate=0.02498374388698345
hidden_size=10
attention_head_size=4
dropout=0.14672425442409917
hidden_continuous_size=9
max_epochs=500
