gradient_clip_val=0.8051718754682425
learning_rate=0.005324111636731991
hidden_size=13
attention_head_size=3
dropout=0.2444008304974277
hidden_continuous_size=9
max_epochs=500
