gradient_clip_val=0.9125831276278356
learning_rate=0.05985079790802479
hidden_size=82
attention_head_size=3
dropout=0.16209605717295458
hidden_continuous_size=27
max_epochs=500
