gradient_clip_val=0.04728138265658539
learning_rate=0.011260672078442191
hidden_size=41
attention_head_size=4
dropout=0.29426076852636585
hidden_continuous_size=22
max_epochs=500
