gradient_clip_val=0.02033202202438002
learning_rate=0.0014561457885881289
hidden_size=75
attention_head_size=2
dropout=0.11300569024441146
hidden_continuous_size=17
max_epochs=500
