gradient_clip_val=0.012417183869342426
learning_rate=0.05448458787652452
hidden_size=14
attention_head_size=1
dropout=0.19055564734215946
hidden_continuous_size=12
max_epochs=500
