gradient_clip_val=0.015795914658259202
learning_rate=0.033367804192801206
hidden_size=13
attention_head_size=1
dropout=0.10603919666679551
hidden_continuous_size=8
max_epochs=500
