gradient_clip_val=0.04243907747364754
learning_rate=0.0032065664861479076
hidden_size=81
attention_head_size=4
dropout=0.2571192368017713
hidden_continuous_size=48
max_epochs=500
