gradient_clip_val=0.02775460979046645
learning_rate=0.012319279213998117
hidden_size=14
attention_head_size=3
dropout=0.19099100528587062
hidden_continuous_size=10
max_epochs=500
