gradient_clip_val=0.0983911984687533
learning_rate=0.0375856554550908
hidden_size=10
attention_head_size=4
dropout=0.21815207645595636
hidden_continuous_size=9
max_epochs=500
