gradient_clip_val=0.01943604976402667
learning_rate=0.040358627922222286
hidden_size=17
attention_head_size=3
dropout=0.12883350513136377
hidden_continuous_size=13
max_epochs=500
