gradient_clip_val=0.5491676432669531
learning_rate=0.011061869338631819
hidden_size=34
attention_head_size=3
dropout=0.24885330376056428
hidden_continuous_size=13
max_epochs=500
