gradient_clip_val=0.06187970255139402
learning_rate=0.0036460249256838146
hidden_size=92
attention_head_size=3
dropout=0.23272784693415507
hidden_continuous_size=50
max_epochs=500
