gradient_clip_val=0.033698542332620554
learning_rate=0.02716723760709535
hidden_size=64
attention_head_size=1
dropout=0.13418436260629574
hidden_continuous_size=53
max_epochs=500
