gradient_clip_val=0.1583730361162166
learning_rate=0.06601573402720658
hidden_size=42
attention_head_size=4
dropout=0.2640934980618478
hidden_continuous_size=11
max_epochs=500
