gradient_clip_val=0.010511459853556405
learning_rate=0.027834872609912173
hidden_size=8
attention_head_size=4
dropout=0.25130272174579277
hidden_continuous_size=8
max_epochs=500
