gradient_clip_val=0.18917494001176058
learning_rate=0.0017559389491621897
hidden_size=14
attention_head_size=3
dropout=0.2935324450850725
hidden_continuous_size=12
max_epochs=500
