gradient_clip_val=0.01686760619861642
learning_rate=0.04356215303700051
hidden_size=47
attention_head_size=2
dropout=0.10246054639356661
hidden_continuous_size=43
max_epochs=500
