gradient_clip_val=0.025792019588033076
learning_rate=0.0019577053900643473
hidden_size=100
attention_head_size=1
dropout=0.17804042406931125
hidden_continuous_size=55
max_epochs=500
