gradient_clip_val=0.9187026208421872
learning_rate=0.012874448428341482
hidden_size=16
attention_head_size=2
dropout=0.14844800449003231
hidden_continuous_size=8
max_epochs=500
