gradient_clip_val=0.3815024933928413
learning_rate=0.0036725905019131945
hidden_size=61
attention_head_size=3
dropout=0.15461220018613853
hidden_continuous_size=20
max_epochs=500
