gradient_clip_val=0.08167567527453877
learning_rate=0.002471148644159605
hidden_size=20
attention_head_size=4
dropout=0.2171160472529765
hidden_continuous_size=14
max_epochs=500
