gradient_clip_val=0.18141471218291438
learning_rate=0.02322044287117214
hidden_size=23
attention_head_size=2
dropout=0.10464240990993037
hidden_continuous_size=10
max_epochs=500
