gradient_clip_val=0.6930101024600027
learning_rate=0.002761682001515154
hidden_size=11
attention_head_size=2
dropout=0.19844214493802123
hidden_continuous_size=11
max_epochs=500
