gradient_clip_val=0.020962959515184544
learning_rate=0.015416168966700963
hidden_size=9
attention_head_size=4
dropout=0.2181931882727046
hidden_continuous_size=9
max_epochs=500
