gradient_clip_val=0.0325805621594601
learning_rate=0.02037304234797581
hidden_size=9
attention_head_size=3
dropout=0.29311708704847084
hidden_continuous_size=8
max_epochs=500
