gradient_clip_val=0.036488143173854605
learning_rate=0.004470879781833648
hidden_size=23
attention_head_size=1
dropout=0.17008862129873922
hidden_continuous_size=9
max_epochs=500
