gradient_clip_val=0.07866903329242057
learning_rate=0.059736596424170486
hidden_size=17
attention_head_size=4
dropout=0.22724040719088345
hidden_continuous_size=13
max_epochs=500
