gradient_clip_val=0.05050533028559711
learning_rate=0.05242147163204071
hidden_size=24
attention_head_size=1
dropout=0.2559903530768664
hidden_continuous_size=22
max_epochs=500
