gradient_clip_val=0.09503965677991619
learning_rate=0.0020422297257955313
hidden_size=34
attention_head_size=4
dropout=0.29485591873938555
hidden_continuous_size=8
max_epochs=500
