gradient_clip_val=0.06006348965579139
learning_rate=0.016716365423904072
hidden_size=20
attention_head_size=2
dropout=0.21756917564349815
hidden_continuous_size=15
max_epochs=500
