gradient_clip_val=0.02359658371342941
learning_rate=0.0207919075041287
hidden_size=55
attention_head_size=4
dropout=0.20408778410718564
hidden_continuous_size=8
max_epochs=500
