gradient_clip_val=0.10638797307213368
learning_rate=0.07526719019827795
hidden_size=13
attention_head_size=2
dropout=0.27456328531938856
hidden_continuous_size=13
max_epochs=500
