gradient_clip_val=0.08706533786331996
learning_rate=0.020239125883700457
hidden_size=44
attention_head_size=3
dropout=0.13123396076545898
hidden_continuous_size=12
max_epochs=500
