gradient_clip_val=0.013222287414770882
learning_rate=0.0021203681984833874
hidden_size=15
attention_head_size=1
dropout=0.2430487524288947
hidden_continuous_size=10
max_epochs=500
