gradient_clip_val=0.06518749647553986
learning_rate=0.01949897754522034
hidden_size=33
attention_head_size=1
dropout=0.13933974933943621
hidden_continuous_size=12
max_epochs=500
