gradient_clip_val=0.013827674043043471
learning_rate=0.0022065174109690204
hidden_size=9
attention_head_size=3
dropout=0.14556683514002428
hidden_continuous_size=9
max_epochs=500
