gradient_clip_val=0.066653242384943
learning_rate=0.01759261104129065
hidden_size=11
attention_head_size=1
dropout=0.1476240908549711
hidden_continuous_size=9
max_epochs=500
