gradient_clip_val=0.011167778015285405
learning_rate=0.04248740021309785
hidden_size=110
attention_head_size=3
dropout=0.16612937127663632
hidden_continuous_size=11
max_epochs=500
