gradient_clip_val=0.2807495164130615
learning_rate=0.00818623737384791
hidden_size=21
attention_head_size=4
dropout=0.10431138322491076
hidden_continuous_size=20
max_epochs=500
