gradient_clip_val=0.4312519301576824
learning_rate=0.0016014121833165564
hidden_size=14
attention_head_size=2
dropout=0.10764726790288706
hidden_continuous_size=14
max_epochs=500
