gradient_clip_val=0.027484030451579412
learning_rate=0.001159248702624616
hidden_size=98
attention_head_size=3
dropout=0.23902988813228887
hidden_continuous_size=65
max_epochs=500
