gradient_clip_val=0.25616899738813476
learning_rate=0.09710855122556723
hidden_size=49
attention_head_size=1
dropout=0.23879518036191053
hidden_continuous_size=31
max_epochs=500
