gradient_clip_val=0.7777553205648128
learning_rate=0.04940512249794717
hidden_size=36
attention_head_size=1
dropout=0.16766885972470383
hidden_continuous_size=9
max_epochs=500
