gradient_clip_val=0.023267859611601906
learning_rate=0.0011547170877262295
hidden_size=67
attention_head_size=1
dropout=0.24747695403726416
hidden_continuous_size=39
max_epochs=500
