gradient_clip_val=0.0796553319501963
learning_rate=0.0017276089954531152
hidden_size=17
attention_head_size=2
dropout=0.1285219310780606
hidden_continuous_size=8
max_epochs=500
