gradient_clip_val=0.020980416150870707
learning_rate=0.010597713555958305
hidden_size=97
attention_head_size=1
dropout=0.17525396465750773
hidden_continuous_size=53
max_epochs=500
