gradient_clip_val=0.48146609822247777
learning_rate=0.0370842447626703
hidden_size=94
attention_head_size=2
dropout=0.2846229007539821
hidden_continuous_size=36
max_epochs=500
