gradient_clip_val=0.08195536202530351
learning_rate=0.0016854180953380271
hidden_size=8
attention_head_size=3
dropout=0.25456445227981317
hidden_continuous_size=8
max_epochs=500
