gradient_clip_val=0.059558815555243436
learning_rate=0.018166787071746484
hidden_size=9
attention_head_size=1
dropout=0.2935836769644721
hidden_continuous_size=9
max_epochs=500
