gradient_clip_val=0.04174482112494542
learning_rate=0.009981027086409853
hidden_size=85
attention_head_size=2
dropout=0.16626530679545995
hidden_continuous_size=11
max_epochs=500
