gradient_clip_val=0.06242379363863098
learning_rate=0.05917742086311078
hidden_size=40
attention_head_size=1
dropout=0.19183899843776125
hidden_continuous_size=9
max_epochs=500
