gradient_clip_val=0.047565429003447
learning_rate=0.0017842491497667085
hidden_size=12
attention_head_size=1
dropout=0.1466857396750674
hidden_continuous_size=9
max_epochs=500
