gradient_clip_val=0.03347687419335407
learning_rate=0.0010566054147485608
hidden_size=71
attention_head_size=3
dropout=0.23995337412285758
hidden_continuous_size=59
max_epochs=500
