gradient_clip_val=0.23556434771011503
learning_rate=0.013506373543391886
hidden_size=35
attention_head_size=3
dropout=0.22728218963647104
hidden_continuous_size=8
max_epochs=500
