gradient_clip_val=0.15342117116558654
learning_rate=0.028482886316744564
hidden_size=103
attention_head_size=4
dropout=0.206760865180093
hidden_continuous_size=17
max_epochs=500
