gradient_clip_val=0.5284595863298844
learning_rate=0.019274563796772223
hidden_size=42
attention_head_size=3
dropout=0.2876882130990016
hidden_continuous_size=42
max_epochs=500
