gradient_clip_val=0.010040351014660507
learning_rate=0.020709537610921445
hidden_size=12
attention_head_size=2
dropout=0.17936120786163223
hidden_continuous_size=11
max_epochs=500
