gradient_clip_val=0.023260801399473216
learning_rate=0.029923812948765265
hidden_size=16
attention_head_size=1
dropout=0.21258294165026254
hidden_continuous_size=15
max_epochs=500
