gradient_clip_val=0.08029927597328401
learning_rate=0.08316972749991482
hidden_size=36
attention_head_size=2
dropout=0.10101775514160705
hidden_continuous_size=13
max_epochs=500
