gradient_clip_val=0.03041924808664755
learning_rate=0.020859364531017173
hidden_size=60
attention_head_size=1
dropout=0.2238380223954921
hidden_continuous_size=9
max_epochs=500
