gradient_clip_val=0.08776550174028525
learning_rate=0.006448895369007276
hidden_size=71
attention_head_size=3
dropout=0.2970502911353805
hidden_continuous_size=31
max_epochs=500
