gradient_clip_val=0.3026828526182067
learning_rate=0.08698552073525727
hidden_size=18
attention_head_size=4
dropout=0.29385637047636043
hidden_continuous_size=17
max_epochs=500
