gradient_clip_val=0.019545953204279046
learning_rate=0.006840558268042085
hidden_size=14
attention_head_size=4
dropout=0.1911181738751528
hidden_continuous_size=14
max_epochs=500
