gradient_clip_val=0.06914521509311053
learning_rate=0.01128436082928517
hidden_size=11
attention_head_size=4
dropout=0.2244083904643645
hidden_continuous_size=10
max_epochs=500
