gradient_clip_val=0.4792241900101831
learning_rate=0.010518575602963936
hidden_size=16
attention_head_size=2
dropout=0.15686414556255748
hidden_continuous_size=15
max_epochs=500
