gradient_clip_val=0.06191942539379724
learning_rate=0.002109663455395818
hidden_size=20
attention_head_size=2
dropout=0.2660504427984789
hidden_continuous_size=17
max_epochs=500
