gradient_clip_val=0.85578536236767
learning_rate=0.016762708176868944
hidden_size=100
attention_head_size=2
dropout=0.2123062789060156
hidden_continuous_size=8
max_epochs=500
