gradient_clip_val=0.07480089345336434
learning_rate=0.012922840614888634
hidden_size=101
attention_head_size=1
dropout=0.23222833661079156
hidden_continuous_size=9
max_epochs=500
