gradient_clip_val=0.012736274185582236
learning_rate=0.02277038490840113
hidden_size=60
attention_head_size=3
dropout=0.11770607633375858
hidden_continuous_size=24
max_epochs=500
