gradient_clip_val=0.4093334843933581
learning_rate=0.006713933311733107
hidden_size=18
attention_head_size=3
dropout=0.15065514013849055
hidden_continuous_size=10
max_epochs=500
