gradient_clip_val=0.020019987760798465
learning_rate=0.0014775672086508192
hidden_size=49
attention_head_size=3
dropout=0.1707460267774306
hidden_continuous_size=13
max_epochs=500
