gradient_clip_val=0.7945460604509764
learning_rate=0.004568715954570755
hidden_size=83
attention_head_size=3
dropout=0.1761729427749413
hidden_continuous_size=20
max_epochs=500
