gradient_clip_val=0.5768679665286868
learning_rate=0.04031188963592575
hidden_size=99
attention_head_size=2
dropout=0.2975688598897971
hidden_continuous_size=20
max_epochs=500
