gradient_clip_val=0.1923182550664398
learning_rate=0.0018407576642927189
hidden_size=73
attention_head_size=1
dropout=0.15210729492582903
hidden_continuous_size=24
max_epochs=500
