gradient_clip_val=0.9841821175018481
learning_rate=0.02582069297995485
hidden_size=25
attention_head_size=2
dropout=0.1448889574475848
hidden_continuous_size=8
max_epochs=500
