gradient_clip_val=0.024106655550110864
learning_rate=0.031485238569699286
hidden_size=50
attention_head_size=4
dropout=0.17894656519164237
hidden_continuous_size=16
max_epochs=500
