gradient_clip_val=0.016473703957000742
learning_rate=0.004831463484394869
hidden_size=51
attention_head_size=3
dropout=0.21554151216762557
hidden_continuous_size=42
max_epochs=500
