gradient_clip_val=0.06265811688623898
learning_rate=0.02653452680120511
hidden_size=116
attention_head_size=1
dropout=0.25881774089051823
hidden_continuous_size=12
max_epochs=500
