gradient_clip_val=0.02367010459164481
learning_rate=0.0011175830035713577
hidden_size=36
attention_head_size=2
dropout=0.21337997384170845
hidden_continuous_size=35
max_epochs=500
