gradient_clip_val=0.01734462250715055
learning_rate=0.006472226086455838
hidden_size=22
attention_head_size=3
dropout=0.15286599422319605
hidden_continuous_size=11
max_epochs=500
