gradient_clip_val=0.07120884192732574
learning_rate=0.0010342294981765536
hidden_size=8
attention_head_size=2
dropout=0.1387612706548846
hidden_continuous_size=8
max_epochs=500
