gradient_clip_val=0.016709936621562765
learning_rate=0.0010871401856729127
hidden_size=17
attention_head_size=1
dropout=0.21397011553340134
hidden_continuous_size=8
max_epochs=500
