gradient_clip_val=0.16131611818011063
learning_rate=0.0061126237184289675
hidden_size=15
attention_head_size=2
dropout=0.17014405224861837
hidden_continuous_size=8
max_epochs=500
