gradient_clip_val=0.07788317695023764
learning_rate=0.05595963190555375
hidden_size=96
attention_head_size=4
dropout=0.24511086510375427
hidden_continuous_size=21
max_epochs=500
