gradient_clip_val=0.35318085393756254
learning_rate=0.05305678653659865
hidden_size=10
attention_head_size=2
dropout=0.2937188119260451
hidden_continuous_size=10
max_epochs=500
