gradient_clip_val=0.5991067462983455
learning_rate=0.0011777241012126348
hidden_size=22
attention_head_size=3
dropout=0.1590759233450813
hidden_continuous_size=14
max_epochs=500
