gradient_clip_val=0.018460649879566297
learning_rate=0.0030082116039829875
hidden_size=8
attention_head_size=3
dropout=0.16453092522101562
hidden_continuous_size=8
max_epochs=500
