gradient_clip_val=0.3540184883090726
learning_rate=0.003401138316855106
hidden_size=11
attention_head_size=1
dropout=0.2606633750170978
hidden_continuous_size=10
max_epochs=500
