gradient_clip_val=0.5403936657795244
learning_rate=0.044772913288723244
hidden_size=103
attention_head_size=4
dropout=0.2023164897767865
hidden_continuous_size=9
max_epochs=500
