gradient_clip_val=0.07790264107308009
learning_rate=0.03337542031770043
hidden_size=70
attention_head_size=1
dropout=0.12123996665762778
hidden_continuous_size=16
max_epochs=500
