gradient_clip_val=0.019151138979524928
learning_rate=0.002746107938543615
hidden_size=104
attention_head_size=3
dropout=0.10424067247293507
hidden_continuous_size=37
max_epochs=500
