gradient_clip_val=0.4318159385968325
learning_rate=0.0028629539344352545
hidden_size=86
attention_head_size=2
dropout=0.20867786067633115
hidden_continuous_size=29
max_epochs=500
