gradient_clip_val=0.2740500759989078
learning_rate=0.002088292314551572
hidden_size=60
attention_head_size=1
dropout=0.16985403735563406
hidden_continuous_size=59
max_epochs=500
