gradient_clip_val=0.07795606290800774
learning_rate=0.025171844111008593
hidden_size=8
attention_head_size=3
dropout=0.29543228353269935
hidden_continuous_size=8
max_epochs=500
