gradient_clip_val=0.08741914595236616
learning_rate=0.008740142101522902
hidden_size=127
attention_head_size=1
dropout=0.10577922585340563
hidden_continuous_size=11
max_epochs=500
