gradient_clip_val=0.0418376429221632
learning_rate=0.03623864925711907
hidden_size=43
attention_head_size=4
dropout=0.2671293152657904
hidden_continuous_size=15
max_epochs=500
