gradient_clip_val=0.915673252615922
learning_rate=0.0027067102039576674
hidden_size=36
attention_head_size=1
dropout=0.12762866573574916
hidden_continuous_size=36
max_epochs=500
