gradient_clip_val=0.11062198802386858
learning_rate=0.027942601368190215
hidden_size=24
attention_head_size=2
dropout=0.15212528790780086
hidden_continuous_size=12
max_epochs=500
