gradient_clip_val=0.036703227782284686
learning_rate=0.011760178121462447
hidden_size=20
attention_head_size=3
dropout=0.27046929084663285
hidden_continuous_size=16
max_epochs=500
