gradient_clip_val=0.022079355293530476
learning_rate=0.053314619039317446
hidden_size=117
attention_head_size=4
dropout=0.2990285097266909
hidden_continuous_size=86
max_epochs=500
