gradient_clip_val=0.03409177039109615
learning_rate=0.02156228247628897
hidden_size=17
attention_head_size=3
dropout=0.15654352438230326
hidden_continuous_size=8
max_epochs=500
