gradient_clip_val=0.1726109763301682
learning_rate=0.04688961742718928
hidden_size=10
attention_head_size=1
dropout=0.1516887364533532
hidden_continuous_size=8
max_epochs=500
