gradient_clip_val=0.07338382618412097
learning_rate=0.004168859103849853
hidden_size=87
attention_head_size=1
dropout=0.16419431768035142
hidden_continuous_size=23
max_epochs=500
