gradient_clip_val=0.010502577398672419
learning_rate=0.09267905916642688
hidden_size=9
attention_head_size=2
dropout=0.24954051391361168
hidden_continuous_size=9
max_epochs=500
