gradient_clip_val=0.06340297208406603
learning_rate=0.002175318837063551
hidden_size=78
attention_head_size=3
dropout=0.13377976341013223
hidden_continuous_size=16
max_epochs=500
