gradient_clip_val=0.01611581015234327
learning_rate=0.0015808301136367995
hidden_size=14
attention_head_size=3
dropout=0.15757413858047373
hidden_continuous_size=13
max_epochs=500
