gradient_clip_val=0.023583807636994206
learning_rate=0.02634028941802042
hidden_size=101
attention_head_size=1
dropout=0.17735289865238674
hidden_continuous_size=9
max_epochs=500
