gradient_clip_val=0.21682911650893055
learning_rate=0.054930853616770636
hidden_size=121
attention_head_size=3
dropout=0.20120807348022918
hidden_continuous_size=67
max_epochs=500
