gradient_clip_val=0.03708861823958727
learning_rate=0.009940265460404678
hidden_size=45
attention_head_size=3
dropout=0.18304464188146916
hidden_continuous_size=10
max_epochs=500
