gradient_clip_val=0.01133708425317776
learning_rate=0.005733109619941409
hidden_size=75
attention_head_size=1
dropout=0.17391633138750343
hidden_continuous_size=29
max_epochs=500
