gradient_clip_val=0.542694557021926
learning_rate=0.007022628422604668
hidden_size=80
attention_head_size=2
dropout=0.28010095051672235
hidden_continuous_size=18
max_epochs=500
