gradient_clip_val=0.9666105203498803
learning_rate=0.002741675316541515
hidden_size=96
attention_head_size=4
dropout=0.2791462392433536
hidden_continuous_size=16
max_epochs=500
