gradient_clip_val=0.170857489424102
learning_rate=0.0011700723749489324
hidden_size=43
attention_head_size=3
dropout=0.2126522136152007
hidden_continuous_size=13
max_epochs=500
