gradient_clip_val=0.13945395611597966
learning_rate=0.007656235720530454
hidden_size=34
attention_head_size=2
dropout=0.22656553053069492
hidden_continuous_size=10
max_epochs=500
