gradient_clip_val=0.1293969789956737
learning_rate=0.06227216805087954
hidden_size=52
attention_head_size=3
dropout=0.2482723321175086
hidden_continuous_size=11
max_epochs=500
