gradient_clip_val=0.06954002566156854
learning_rate=0.0012904098345712215
hidden_size=17
attention_head_size=4
dropout=0.15016156671939251
hidden_continuous_size=9
max_epochs=500
