gradient_clip_val=0.021905166849700307
learning_rate=0.09464297262749395
hidden_size=19
attention_head_size=4
dropout=0.11258171702075957
hidden_continuous_size=9
max_epochs=500
