gradient_clip_val=0.3592636731431709
learning_rate=0.0014199576780707598
hidden_size=24
attention_head_size=4
dropout=0.23652158161666728
hidden_continuous_size=9
max_epochs=500
