gradient_clip_val=0.010501117811174823
learning_rate=0.0364807932969184
hidden_size=53
attention_head_size=1
dropout=0.150154603722413
hidden_continuous_size=26
max_epochs=500
