gradient_clip_val=0.02165654682097265
learning_rate=0.038008532999785696
hidden_size=21
attention_head_size=2
dropout=0.16799948935833847
hidden_continuous_size=20
max_epochs=500
