gradient_clip_val=0.32009902931228623
learning_rate=0.0016253280500328055
hidden_size=19
attention_head_size=2
dropout=0.1660176370387702
hidden_continuous_size=12
max_epochs=500
