gradient_clip_val=0.0194587234302308
learning_rate=0.0017795651941790325
hidden_size=103
attention_head_size=3
dropout=0.1561327954398809
hidden_continuous_size=22
max_epochs=500
