gradient_clip_val=0.0168955581210712
learning_rate=0.005275301716185739
hidden_size=102
attention_head_size=1
dropout=0.22766521517694152
hidden_continuous_size=43
max_epochs=500
