gradient_clip_val=0.16159166642323464
learning_rate=0.04189110346251143
hidden_size=14
attention_head_size=2
dropout=0.12889495620043165
hidden_continuous_size=14
max_epochs=500
