gradient_clip_val=0.07244357235755557
learning_rate=0.0016708966895580381
hidden_size=8
attention_head_size=4
dropout=0.18024540830210492
hidden_continuous_size=8
max_epochs=500
