gradient_clip_val=0.24756637914384122
learning_rate=0.08934907554962168
hidden_size=22
attention_head_size=3
dropout=0.11722492573570083
hidden_continuous_size=17
max_epochs=500
