gradient_clip_val=0.02178414417055686
learning_rate=0.012945943038557065
hidden_size=14
attention_head_size=2
dropout=0.19847012100215852
hidden_continuous_size=13
max_epochs=500
