gradient_clip_val=0.15085463940042487
learning_rate=0.005637331255747612
hidden_size=15
attention_head_size=4
dropout=0.2895964280801786
hidden_continuous_size=12
max_epochs=500
