gradient_clip_val=0.02126827674319891
learning_rate=0.0022422647604217628
hidden_size=20
attention_head_size=2
dropout=0.250965742572573
hidden_continuous_size=16
max_epochs=500
