gradient_clip_val=0.02217251325722868
learning_rate=0.04182082739466283
hidden_size=74
attention_head_size=3
dropout=0.11780257290342709
hidden_continuous_size=66
max_epochs=500
