gradient_clip_val=0.5783509437846055
learning_rate=0.013712221310407297
hidden_size=45
attention_head_size=1
dropout=0.10098317822513812
hidden_continuous_size=8
max_epochs=500
