gradient_clip_val=0.02807898784857603
learning_rate=0.001537356290725568
hidden_size=61
attention_head_size=3
dropout=0.18442188206851978
hidden_continuous_size=15
max_epochs=500
