gradient_clip_val=0.04701121250458777
learning_rate=0.0054130329668759325
hidden_size=18
attention_head_size=4
dropout=0.20058383864139992
hidden_continuous_size=9
max_epochs=500
