gradient_clip_val=0.6560060475094377
learning_rate=0.0014979542420172094
hidden_size=46
attention_head_size=3
dropout=0.21927253109291173
hidden_continuous_size=13
max_epochs=500
