gradient_clip_val=0.050899905314983486
learning_rate=0.0029790300191512814
hidden_size=29
attention_head_size=3
dropout=0.23237911722444354
hidden_continuous_size=14
max_epochs=500
