gradient_clip_val=0.07530575739877395
learning_rate=0.0025492931186713564
hidden_size=40
attention_head_size=2
dropout=0.10078982280763266
hidden_continuous_size=10
max_epochs=500
