gradient_clip_val=0.01658744049578628
learning_rate=0.0029344823981015404
hidden_size=19
attention_head_size=1
dropout=0.2588814981991232
hidden_continuous_size=9
max_epochs=500
