gradient_clip_val=0.017108085823801567
learning_rate=0.022495595472148567
hidden_size=28
attention_head_size=2
dropout=0.11444571738492881
hidden_continuous_size=13
max_epochs=500
