gradient_clip_val=0.2247139454065984
learning_rate=0.028986198439178008
hidden_size=13
attention_head_size=1
dropout=0.23595851960308215
hidden_continuous_size=9
max_epochs=500
