gradient_clip_val=0.7478725116835816
learning_rate=0.008717339026920776
hidden_size=8
attention_head_size=4
dropout=0.2702242805624424
hidden_continuous_size=8
max_epochs=500
