gradient_clip_val=0.1012734156190676
learning_rate=0.041321397664798414
hidden_size=8
attention_head_size=1
dropout=0.27862221964887474
hidden_continuous_size=8
max_epochs=500
