gradient_clip_val=0.06251015179020113
learning_rate=0.006603384419267862
hidden_size=36
attention_head_size=3
dropout=0.22866614350989425
hidden_continuous_size=26
max_epochs=500
