gradient_clip_val=0.030410383396825096
learning_rate=0.01571751865741912
hidden_size=39
attention_head_size=4
dropout=0.24075545506612545
hidden_continuous_size=26
max_epochs=500
