gradient_clip_val=0.08412968747990149
learning_rate=0.0019742834373321864
hidden_size=15
attention_head_size=4
dropout=0.17439693490280977
hidden_continuous_size=8
max_epochs=500
