gradient_clip_val=0.07025964848059303
learning_rate=0.03815044942231003
hidden_size=43
attention_head_size=2
dropout=0.2674759557824099
hidden_continuous_size=29
max_epochs=500
