gradient_clip_val=0.014957557254671157
learning_rate=0.010601385926864961
hidden_size=83
attention_head_size=1
dropout=0.14627010022853565
hidden_continuous_size=62
max_epochs=500
