gradient_clip_val=0.013424917676379244
learning_rate=0.0016333057024454493
hidden_size=101
attention_head_size=1
dropout=0.16186693729209797
hidden_continuous_size=8
max_epochs=500
