gradient_clip_val=0.1394513769689574
learning_rate=0.0019375898134478464
hidden_size=56
attention_head_size=2
dropout=0.20848705323837866
hidden_continuous_size=21
max_epochs=500
