gradient_clip_val=0.3203307520212266
learning_rate=0.009990447858297499
hidden_size=97
attention_head_size=1
dropout=0.24712524031180041
hidden_continuous_size=85
max_epochs=500
