gradient_clip_val=0.010988500130099155
learning_rate=0.05556101177383932
hidden_size=25
attention_head_size=2
dropout=0.2344811328563378
hidden_continuous_size=12
max_epochs=500
