gradient_clip_val=0.49816762935912406
learning_rate=0.019411582198839983
hidden_size=23
attention_head_size=2
dropout=0.2656182059199542
hidden_continuous_size=20
max_epochs=500
