gradient_clip_val=0.0703708998782041
learning_rate=0.005623366328465512
hidden_size=40
attention_head_size=4
dropout=0.2196332806537735
hidden_continuous_size=21
max_epochs=500
