gradient_clip_val=0.4997983628399332
learning_rate=0.001277399270707165
hidden_size=14
attention_head_size=1
dropout=0.15712300192064163
hidden_continuous_size=11
max_epochs=500
