gradient_clip_val=0.15130975736750854
learning_rate=0.025334967192379126
hidden_size=16
attention_head_size=3
dropout=0.10560003141923656
hidden_continuous_size=10
max_epochs=500
