gradient_clip_val=0.3838487671872493
learning_rate=0.002186675736253473
hidden_size=90
attention_head_size=1
dropout=0.17966415736853875
hidden_continuous_size=54
max_epochs=500
