gradient_clip_val=0.17461595163927535
learning_rate=0.002454693827688712
hidden_size=121
attention_head_size=2
dropout=0.1262682672315071
hidden_continuous_size=64
max_epochs=500
