gradient_clip_val=0.1272103745766261
learning_rate=0.04090894687100947
hidden_size=40
attention_head_size=4
dropout=0.26554540202824495
hidden_continuous_size=17
max_epochs=500
