gradient_clip_val=0.9469764460261211
learning_rate=0.04505321572001616
hidden_size=9
attention_head_size=2
dropout=0.16867388143012657
hidden_continuous_size=8
max_epochs=500
