gradient_clip_val=0.49989724588100143
learning_rate=0.02299328001831323
hidden_size=30
attention_head_size=3
dropout=0.18761473326739214
hidden_continuous_size=11
max_epochs=500
