gradient_clip_val=0.6315300769040431
learning_rate=0.004201378661018998
hidden_size=78
attention_head_size=4
dropout=0.2706019873334945
hidden_continuous_size=17
max_epochs=500
