gradient_clip_val=0.35409651267671216
learning_rate=0.0010944799793131828
hidden_size=20
attention_head_size=3
dropout=0.12144320201448898
hidden_continuous_size=8
max_epochs=500
