gradient_clip_val=0.1948314776458905
learning_rate=0.03716558282322344
hidden_size=25
attention_head_size=3
dropout=0.12292735137793823
hidden_continuous_size=9
max_epochs=500
