gradient_clip_val=0.6915521981307415
learning_rate=0.006655743048814398
hidden_size=15
attention_head_size=2
dropout=0.2004863099879418
hidden_continuous_size=12
max_epochs=500
