gradient_clip_val=0.49121279582791005
learning_rate=0.001928712759572777
hidden_size=11
attention_head_size=2
dropout=0.12168049086159315
hidden_continuous_size=9
max_epochs=500
