gradient_clip_val=0.03439841063533624
learning_rate=0.049556957376091275
hidden_size=13
attention_head_size=2
dropout=0.251275183029388
hidden_continuous_size=9
max_epochs=500
