gradient_clip_val=0.24102741218123092
learning_rate=0.001022882443635926
hidden_size=63
attention_head_size=3
dropout=0.271208295350542
hidden_continuous_size=48
max_epochs=500
