gradient_clip_val=0.17710316448233462
learning_rate=0.0013636066777146926
hidden_size=27
attention_head_size=1
dropout=0.14780944528502798
hidden_continuous_size=15
max_epochs=500
