gradient_clip_val=0.4972683166294119
learning_rate=0.009441087015513357
hidden_size=8
attention_head_size=2
dropout=0.29425356095152133
hidden_continuous_size=8
max_epochs=500
