gradient_clip_val=0.022832124085229184
learning_rate=0.00227589970763324
hidden_size=106
attention_head_size=3
dropout=0.26992552777837414
hidden_continuous_size=51
max_epochs=500
