gradient_clip_val=0.22509110098071586
learning_rate=0.0018823957267150525
hidden_size=38
attention_head_size=1
dropout=0.2665215055151938
hidden_continuous_size=12
max_epochs=500
