gradient_clip_val=0.29577493483823303
learning_rate=0.004380544582410348
hidden_size=69
attention_head_size=2
dropout=0.12092515234473483
hidden_continuous_size=31
max_epochs=500
