gradient_clip_val=0.17954575922234775
learning_rate=0.003013351621509363
hidden_size=88
attention_head_size=1
dropout=0.29734492351297215
hidden_continuous_size=26
max_epochs=500
