gradient_clip_val=0.024876680279212575
learning_rate=0.02191580369693068
hidden_size=124
attention_head_size=1
dropout=0.24368055047615605
hidden_continuous_size=25
max_epochs=500
