gradient_clip_val=0.13749896246239704
learning_rate=0.018944242456585537
hidden_size=35
attention_head_size=3
dropout=0.12021291802255096
hidden_continuous_size=24
max_epochs=500
