gradient_clip_val=0.3043113422374433
learning_rate=0.027552299664746555
hidden_size=9
attention_head_size=2
dropout=0.2845950650556094
hidden_continuous_size=8
max_epochs=500
