gradient_clip_val=0.027286510352996875
learning_rate=0.01597529671458445
hidden_size=109
attention_head_size=3
dropout=0.1901651165580695
hidden_continuous_size=8
max_epochs=500
