gradient_clip_val=0.04308189133581796
learning_rate=0.00802784663025792
hidden_size=45
attention_head_size=1
dropout=0.23600715149863796
hidden_continuous_size=10
max_epochs=500
