gradient_clip_val=0.033983569670205924
learning_rate=0.07042124873601595
hidden_size=8
attention_head_size=2
dropout=0.2631506706266351
hidden_continuous_size=8
max_epochs=500
