gradient_clip_val=0.5688126926944481
learning_rate=0.0032818559371480716
hidden_size=36
attention_head_size=3
dropout=0.21197570412035477
hidden_continuous_size=15
max_epochs=500
