gradient_clip_val=0.011327031623361329
learning_rate=0.010904060062127742
hidden_size=9
attention_head_size=2
dropout=0.20476812333750882
hidden_continuous_size=8
max_epochs=500
