gradient_clip_val=0.0933170103802735
learning_rate=0.014843759542395727
hidden_size=79
attention_head_size=3
dropout=0.18412742126904122
hidden_continuous_size=12
max_epochs=500
