gradient_clip_val=0.015322580714701878
learning_rate=0.002652692434269432
hidden_size=38
attention_head_size=2
dropout=0.23945397286574294
hidden_continuous_size=38
max_epochs=500
