gradient_clip_val=0.3247737123685124
learning_rate=0.06127072048401311
hidden_size=70
attention_head_size=3
dropout=0.28177529052529793
hidden_continuous_size=10
max_epochs=500
