gradient_clip_val=0.02217167471287006
learning_rate=0.0011444103662054312
hidden_size=9
attention_head_size=1
dropout=0.21663240459032018
hidden_continuous_size=9
max_epochs=500
