gradient_clip_val=0.5223914145935004
learning_rate=0.008467746884851324
hidden_size=34
attention_head_size=1
dropout=0.24217135744220908
hidden_continuous_size=8
max_epochs=500
