gradient_clip_val=0.6336011656926398
learning_rate=0.009354641697575643
hidden_size=24
attention_head_size=2
dropout=0.27076420298367704
hidden_continuous_size=18
max_epochs=500
