gradient_clip_val=0.0798396964748437
learning_rate=0.004878846103362113
hidden_size=96
attention_head_size=4
dropout=0.15021418324913763
hidden_continuous_size=28
max_epochs=500
