gradient_clip_val=0.03734660755398611
learning_rate=0.06199184456833647
hidden_size=18
attention_head_size=3
dropout=0.19351176686057026
hidden_continuous_size=9
max_epochs=500
