gradient_clip_val=0.49166794638885297
learning_rate=0.007558115188154841
hidden_size=26
attention_head_size=3
dropout=0.2910616698833436
hidden_continuous_size=21
max_epochs=500
