gradient_clip_val=0.04118264236224848
learning_rate=0.00222078445634997
hidden_size=24
attention_head_size=1
dropout=0.16686146907627392
hidden_continuous_size=15
max_epochs=500
