gradient_clip_val=0.06371099581973627
learning_rate=0.056364886713226245
hidden_size=21
attention_head_size=4
dropout=0.2935640332641382
hidden_continuous_size=10
max_epochs=500
