gradient_clip_val=0.6958731776883815
learning_rate=0.0024403529134432896
hidden_size=17
attention_head_size=3
dropout=0.10490088380326719
hidden_continuous_size=17
max_epochs=500
