gradient_clip_val=0.6220285395389172
learning_rate=0.09901955469233782
hidden_size=108
attention_head_size=1
dropout=0.23719403003999362
hidden_continuous_size=88
max_epochs=500
