gradient_clip_val=0.05096702296374121
learning_rate=0.007786576503573297
hidden_size=46
attention_head_size=1
dropout=0.17680793504807873
hidden_continuous_size=8
max_epochs=500
