gradient_clip_val=0.011305288017590773
learning_rate=0.0017396301219649761
hidden_size=62
attention_head_size=1
dropout=0.16271757762588318
hidden_continuous_size=17
max_epochs=500
