gradient_clip_val=0.07910474692190408
learning_rate=0.03536090138281466
hidden_size=34
attention_head_size=4
dropout=0.1906732919212586
hidden_continuous_size=10
max_epochs=500
