gradient_clip_val=0.44711502701781825
learning_rate=0.021188386944833833
hidden_size=9
attention_head_size=1
dropout=0.109982465721915
hidden_continuous_size=8
max_epochs=500
