gradient_clip_val=0.049758425192427035
learning_rate=0.00235673028696005
hidden_size=36
attention_head_size=2
dropout=0.1809355007608989
hidden_continuous_size=16
max_epochs=500
