gradient_clip_val=0.7822354315695108
learning_rate=0.08270909392441227
hidden_size=17
attention_head_size=1
dropout=0.12380926244376605
hidden_continuous_size=16
max_epochs=500
