gradient_clip_val=0.08718209591357381
learning_rate=0.07389120367244952
hidden_size=112
attention_head_size=4
dropout=0.1526033024943589
hidden_continuous_size=9
max_epochs=500
