gradient_clip_val=0.1205321118214172
learning_rate=0.009211967293627076
hidden_size=25
attention_head_size=2
dropout=0.2028677667594739
hidden_continuous_size=10
max_epochs=500
