gradient_clip_val=0.027998051825348758
learning_rate=0.001757320706016752
hidden_size=74
attention_head_size=3
dropout=0.16101321643887803
hidden_continuous_size=51
max_epochs=500
