gradient_clip_val=0.335064674265767
learning_rate=0.06831143982800213
hidden_size=88
attention_head_size=3
dropout=0.2354658044092187
hidden_continuous_size=68
max_epochs=500
