gradient_clip_val=0.13899045447672287
learning_rate=0.00748909511805186
hidden_size=77
attention_head_size=4
dropout=0.28825180828534347
hidden_continuous_size=69
max_epochs=500
