gradient_clip_val=0.6758955904630864
learning_rate=0.0027329537424585298
hidden_size=14
attention_head_size=1
dropout=0.2975949074460296
hidden_continuous_size=9
max_epochs=500
