gradient_clip_val=0.8475276753817435
learning_rate=0.0011462613026289575
hidden_size=29
attention_head_size=2
dropout=0.2532004666123563
hidden_continuous_size=8
max_epochs=500
