gradient_clip_val=0.04264585453226383
learning_rate=0.0942742617743228
hidden_size=78
attention_head_size=3
dropout=0.26582884739377044
hidden_continuous_size=29
max_epochs=500
