gradient_clip_val=0.8621020655577667
learning_rate=0.062436953283616065
hidden_size=63
attention_head_size=2
dropout=0.11489139555221634
hidden_continuous_size=14
max_epochs=500
