gradient_clip_val=0.21288705406332423
learning_rate=0.006644675449910692
hidden_size=28
attention_head_size=2
dropout=0.14022625843442327
hidden_continuous_size=14
max_epochs=500
