gradient_clip_val=0.11297613743371657
learning_rate=0.07613098680733492
hidden_size=14
attention_head_size=4
dropout=0.29532163277247026
hidden_continuous_size=10
max_epochs=500
