gradient_clip_val=0.014974583081701917
learning_rate=0.00433696755589706
hidden_size=74
attention_head_size=1
dropout=0.10459442090834292
hidden_continuous_size=14
max_epochs=500
