gradient_clip_val=0.07739717775924247
learning_rate=0.036144730681789
hidden_size=43
attention_head_size=2
dropout=0.1243944776638728
hidden_continuous_size=12
max_epochs=500
