gradient_clip_val=0.2782216838959521
learning_rate=0.0015565269307126332
hidden_size=25
attention_head_size=3
dropout=0.16886229130893582
hidden_continuous_size=17
max_epochs=500
