gradient_clip_val=0.011837088586520073
learning_rate=0.0014016063564424156
hidden_size=10
attention_head_size=4
dropout=0.12293527701371516
hidden_continuous_size=8
max_epochs=500
