gradient_clip_val=0.07206207682743095
learning_rate=0.0022067831017625284
hidden_size=42
attention_head_size=2
dropout=0.292163250079847
hidden_continuous_size=12
max_epochs=500
