gradient_clip_val=0.019895069811576196
learning_rate=0.0025896332455592314
hidden_size=59
attention_head_size=2
dropout=0.2902211939488166
hidden_continuous_size=51
max_epochs=500
