gradient_clip_val=0.014726334731772034
learning_rate=0.046867413606529275
hidden_size=72
attention_head_size=2
dropout=0.20477075161050273
hidden_continuous_size=10
max_epochs=500
