gradient_clip_val=0.04898650290462649
learning_rate=0.0014902383808734693
hidden_size=49
attention_head_size=1
dropout=0.20439413629998276
hidden_continuous_size=39
max_epochs=500
