gradient_clip_val=0.06244620803585881
learning_rate=0.09257407812621722
hidden_size=78
attention_head_size=2
dropout=0.1865254439828125
hidden_continuous_size=11
max_epochs=500
