gradient_clip_val=0.6948513500352443
learning_rate=0.0014865712744916543
hidden_size=12
attention_head_size=4
dropout=0.2875301006279867
hidden_continuous_size=9
max_epochs=500
