gradient_clip_val=0.08644952348562876
learning_rate=0.07337322223199055
hidden_size=58
attention_head_size=2
dropout=0.1681015487090209
hidden_continuous_size=11
max_epochs=500
