gradient_clip_val=0.015968103331266484
learning_rate=0.0013701786821606035
hidden_size=60
attention_head_size=2
dropout=0.10304002574415375
hidden_continuous_size=17
max_epochs=500
