gradient_clip_val=0.1981492082753412
learning_rate=0.06534342061220984
hidden_size=33
attention_head_size=1
dropout=0.16596641998584535
hidden_continuous_size=27
max_epochs=500
