gradient_clip_val=0.09061243020536278
learning_rate=0.018698407313080152
hidden_size=32
attention_head_size=3
dropout=0.2631903876780508
hidden_continuous_size=15
max_epochs=500
