gradient_clip_val=0.03637047143606721
learning_rate=0.02175025291278394
hidden_size=23
attention_head_size=3
dropout=0.13170674646295114
hidden_continuous_size=19
max_epochs=500
