gradient_clip_val=0.09191411159430266
learning_rate=0.006416255165120678
hidden_size=25
attention_head_size=4
dropout=0.22662534829076975
hidden_continuous_size=16
max_epochs=500
