gradient_clip_val=0.12216762614165412
learning_rate=0.04967178183640859
hidden_size=26
attention_head_size=2
dropout=0.12159795203052853
hidden_continuous_size=9
max_epochs=500
