gradient_clip_val=0.049405298258950764
learning_rate=0.016874988222811173
hidden_size=113
attention_head_size=2
dropout=0.12344276729983737
hidden_continuous_size=72
max_epochs=500
