gradient_clip_val=0.07077128965302112
learning_rate=0.0021385217876203244
hidden_size=34
attention_head_size=3
dropout=0.21983921086751468
hidden_continuous_size=8
max_epochs=500
