gradient_clip_val=0.417818763877539
learning_rate=0.003612481630919423
hidden_size=59
attention_head_size=3
dropout=0.1000819331425555
hidden_continuous_size=14
max_epochs=500
