gradient_clip_val=0.14769326261448143
learning_rate=0.004589627124809977
hidden_size=26
attention_head_size=1
dropout=0.20901391666640023
hidden_continuous_size=17
max_epochs=500
