gradient_clip_val=0.531986143920732
learning_rate=0.04244411844343049
hidden_size=52
attention_head_size=3
dropout=0.2084546649018458
hidden_continuous_size=18
max_epochs=500
