gradient_clip_val=0.022654030859842973
learning_rate=0.03690855584698234
hidden_size=10
attention_head_size=4
dropout=0.10369892161589256
hidden_continuous_size=9
max_epochs=500
