gradient_clip_val=0.01567590815744003
learning_rate=0.08330092903942894
hidden_size=12
attention_head_size=2
dropout=0.23773295631454328
hidden_continuous_size=12
max_epochs=500
