gradient_clip_val=0.6292964722497572
learning_rate=0.05425213148259882
hidden_size=38
attention_head_size=1
dropout=0.12331114382579511
hidden_continuous_size=12
max_epochs=500
