gradient_clip_val=0.7690516077526485
learning_rate=0.014153212049557235
hidden_size=18
attention_head_size=4
dropout=0.18353152960020808
hidden_continuous_size=16
max_epochs=500
