gradient_clip_val=0.052304078173586
learning_rate=0.028171884713651393
hidden_size=123
attention_head_size=3
dropout=0.2288002780685955
hidden_continuous_size=13
max_epochs=500
