gradient_clip_val=0.43370178604573456
learning_rate=0.0721368258127841
hidden_size=56
attention_head_size=2
dropout=0.2651904128941771
hidden_continuous_size=17
max_epochs=500
