gradient_clip_val=0.01354910099109152
learning_rate=0.03326047687245893
hidden_size=103
attention_head_size=3
dropout=0.11080562919742146
hidden_continuous_size=31
max_epochs=500
