gradient_clip_val=0.016730984008265046
learning_rate=0.019163444428736007
hidden_size=30
attention_head_size=1
dropout=0.23826576118608334
hidden_continuous_size=8
max_epochs=500
