gradient_clip_val=0.42382142441877163
learning_rate=0.001429672802288592
hidden_size=15
attention_head_size=3
dropout=0.22830778891072967
hidden_continuous_size=15
max_epochs=500
