gradient_clip_val=0.05916214071662504
learning_rate=0.010458468904582512
hidden_size=67
attention_head_size=4
dropout=0.14930332537712063
hidden_continuous_size=8
max_epochs=500
