gradient_clip_val=0.016389665804857224
learning_rate=0.03991187364066371
hidden_size=54
attention_head_size=1
dropout=0.20901504761363954
hidden_continuous_size=49
max_epochs=500
