gradient_clip_val=0.058232436843369074
learning_rate=0.045435047507703656
hidden_size=18
attention_head_size=1
dropout=0.19355199948964635
hidden_continuous_size=17
max_epochs=500
