gradient_clip_val=0.06372189448952544
learning_rate=0.0014003988463464625
hidden_size=9
attention_head_size=2
dropout=0.22966369443715642
hidden_continuous_size=9
max_epochs=500
