gradient_clip_val=0.03342562921133495
learning_rate=0.0018619049389424333
hidden_size=22
attention_head_size=2
dropout=0.20634981942613384
hidden_continuous_size=16
max_epochs=500
