gradient_clip_val=0.5563612093805864
learning_rate=0.00554548794993918
hidden_size=36
attention_head_size=1
dropout=0.1776118685308533
hidden_continuous_size=19
max_epochs=500
