gradient_clip_val=0.11594262712998117
learning_rate=0.003705200880066868
hidden_size=79
attention_head_size=3
dropout=0.25275650926376375
hidden_continuous_size=66
max_epochs=500
