gradient_clip_val=0.20761678992246305
learning_rate=0.016743009901571508
hidden_size=23
attention_head_size=4
dropout=0.26455137506571225
hidden_continuous_size=23
max_epochs=500
