gradient_clip_val=0.015176366828385218
learning_rate=0.0931933511957666
hidden_size=12
attention_head_size=2
dropout=0.214733111702532
hidden_continuous_size=11
max_epochs=500
