gradient_clip_val=0.18051119806936586
learning_rate=0.0017294901272222219
hidden_size=17
attention_head_size=4
dropout=0.13676083255644292
hidden_continuous_size=13
max_epochs=500
