gradient_clip_val=0.5118324665930024
learning_rate=0.006202178162758608
hidden_size=25
attention_head_size=3
dropout=0.12941883252028846
hidden_continuous_size=12
max_epochs=500
