gradient_clip_val=0.16418082503131726
learning_rate=0.016228482099373186
hidden_size=8
attention_head_size=1
dropout=0.20775154766988752
hidden_continuous_size=8
max_epochs=500
