gradient_clip_val=0.42666484015846967
learning_rate=0.006853233238329289
hidden_size=47
attention_head_size=1
dropout=0.19530691598057098
hidden_continuous_size=10
max_epochs=500
