gradient_clip_val=0.10234874483805344
learning_rate=0.004084157584430972
hidden_size=38
attention_head_size=2
dropout=0.19214494481754962
hidden_continuous_size=10
max_epochs=500
