gradient_clip_val=0.021856523775018635
learning_rate=0.06642152554513771
hidden_size=23
attention_head_size=1
dropout=0.1826162337676663
hidden_continuous_size=14
max_epochs=500
