gradient_clip_val=0.12002848910276079
learning_rate=0.0046507860587324925
hidden_size=13
attention_head_size=2
dropout=0.11884568227297657
hidden_continuous_size=8
max_epochs=500
