gradient_clip_val=0.031083554166739878
learning_rate=0.04212380354213468
hidden_size=8
attention_head_size=2
dropout=0.28087404926843323
hidden_continuous_size=8
max_epochs=500
