gradient_clip_val=0.7283856797205164
learning_rate=0.00899826070104837
hidden_size=107
attention_head_size=1
dropout=0.23194046404425211
hidden_continuous_size=9
max_epochs=500
