gradient_clip_val=0.031059199225311335
learning_rate=0.053366874768664634
hidden_size=35
attention_head_size=3
dropout=0.2940564377194739
hidden_continuous_size=22
max_epochs=500
