gradient_clip_val=0.2005241113195601
learning_rate=0.02068365602623303
hidden_size=10
attention_head_size=2
dropout=0.25452028784623104
hidden_continuous_size=9
max_epochs=500
