gradient_clip_val=0.1472647149653485
learning_rate=0.006107726999641993
hidden_size=72
attention_head_size=1
dropout=0.20259609558768943
hidden_continuous_size=31
max_epochs=500
