gradient_clip_val=0.36653339207037516
learning_rate=0.0032466896521653778
hidden_size=29
attention_head_size=4
dropout=0.24928870260658564
hidden_continuous_size=8
max_epochs=500
