gradient_clip_val=0.040916481399244746
learning_rate=0.09407960299615833
hidden_size=74
attention_head_size=2
dropout=0.1294984420622342
hidden_continuous_size=23
max_epochs=500
