gradient_clip_val=0.025670151868406134
learning_rate=0.002058467343922889
hidden_size=52
attention_head_size=1
dropout=0.18035211930062073
hidden_continuous_size=49
max_epochs=500
