gradient_clip_val=0.015240074583845378
learning_rate=0.07875496942707393
hidden_size=28
attention_head_size=4
dropout=0.2512825536628839
hidden_continuous_size=12
max_epochs=500
