gradient_clip_val=0.49789950090532986
learning_rate=0.0017590056199769917
hidden_size=86
attention_head_size=3
dropout=0.1923143572860252
hidden_continuous_size=19
max_epochs=500
