gradient_clip_val=0.7118574377929513
learning_rate=0.0957152261561868
hidden_size=82
attention_head_size=3
dropout=0.2589319528025521
hidden_continuous_size=24
max_epochs=500
