gradient_clip_val=0.09152801970785283
learning_rate=0.07138860555727893
hidden_size=27
attention_head_size=3
dropout=0.1533673781128447
hidden_continuous_size=8
max_epochs=500
