gradient_clip_val=0.01081021197679165
learning_rate=0.006753444143740641
hidden_size=9
attention_head_size=1
dropout=0.26190932820227536
hidden_continuous_size=9
max_epochs=500
