gradient_clip_val=0.42205163017486486
learning_rate=0.0029647988598117936
hidden_size=19
attention_head_size=3
dropout=0.23353601838220533
hidden_continuous_size=14
max_epochs=500
