gradient_clip_val=0.08174860935938214
learning_rate=0.03225975020875792
hidden_size=68
attention_head_size=3
dropout=0.12467166501743415
hidden_continuous_size=12
max_epochs=500
