gradient_clip_val=0.15279746368497285
learning_rate=0.05212397684151948
hidden_size=11
attention_head_size=2
dropout=0.12842191184010515
hidden_continuous_size=8
max_epochs=500
