gradient_clip_val=0.13808677825259788
learning_rate=0.001176035074972985
hidden_size=34
attention_head_size=1
dropout=0.22080652520884375
hidden_continuous_size=20
max_epochs=500
