gradient_clip_val=0.8176957248452464
learning_rate=0.08046807292682241
hidden_size=33
attention_head_size=1
dropout=0.25505637413085225
hidden_continuous_size=9
max_epochs=500
