gradient_clip_val=0.20348043711197644
learning_rate=0.001573691373708756
hidden_size=11
attention_head_size=4
dropout=0.2992846915239819
hidden_continuous_size=8
max_epochs=500
