gradient_clip_val=0.02124845704083235
learning_rate=0.0010164114515789926
hidden_size=65
attention_head_size=3
dropout=0.19154870460811244
hidden_continuous_size=37
max_epochs=500
