gradient_clip_val=0.9422875488307076
learning_rate=0.0016596089394198676
hidden_size=19
attention_head_size=1
dropout=0.1560030111117981
hidden_continuous_size=15
max_epochs=500
