gradient_clip_val=0.09159121907019555
learning_rate=0.0025526877315603324
hidden_size=18
attention_head_size=2
dropout=0.2574817619968389
hidden_continuous_size=17
max_epochs=500
