gradient_clip_val=0.15118189068298302
learning_rate=0.011369682995404942
hidden_size=60
attention_head_size=2
dropout=0.10177014955039927
hidden_continuous_size=19
max_epochs=500
