gradient_clip_val=0.34202387557370434
learning_rate=0.0042733264446804895
hidden_size=25
attention_head_size=4
dropout=0.20351491159995133
hidden_continuous_size=16
max_epochs=500
