gradient_clip_val=0.03919810542406458
learning_rate=0.0025332815452724115
hidden_size=49
attention_head_size=2
dropout=0.17816190544977634
hidden_continuous_size=9
max_epochs=500
