gradient_clip_val=0.4525839212314505
learning_rate=0.003197924293067746
hidden_size=34
attention_head_size=4
dropout=0.10235037905285843
hidden_continuous_size=18
max_epochs=500
