gradient_clip_val=0.03472609616794388
learning_rate=0.004898947638098639
hidden_size=8
attention_head_size=4
dropout=0.2883521538798348
hidden_continuous_size=8
max_epochs=500
