gradient_clip_val=0.5585200528430863
learning_rate=0.001973454053040601
hidden_size=65
attention_head_size=2
dropout=0.1364736699354688
hidden_continuous_size=44
max_epochs=500
