gradient_clip_val=0.011066481999626353
learning_rate=0.011699708963316723
hidden_size=39
attention_head_size=2
dropout=0.2618800918109647
hidden_continuous_size=14
max_epochs=500
