gradient_clip_val=0.11599508904740823
learning_rate=0.02432275266088038
hidden_size=9
attention_head_size=1
dropout=0.2752540604275575
hidden_continuous_size=9
max_epochs=500
