gradient_clip_val=0.11864734148366117
learning_rate=0.011275621108107802
hidden_size=13
attention_head_size=1
dropout=0.29595817719680906
hidden_continuous_size=11
max_epochs=500
