gradient_clip_val=0.013634792901263225
learning_rate=0.021961257978165664
hidden_size=72
attention_head_size=3
dropout=0.10974388796187236
hidden_continuous_size=37
max_epochs=500
