gradient_clip_val=0.06719514064699275
learning_rate=0.007879906116622478
hidden_size=9
attention_head_size=4
dropout=0.2997145656815417
hidden_continuous_size=9
max_epochs=500
