gradient_clip_val=0.19305390644510315
learning_rate=0.0027634886787053364
hidden_size=31
attention_head_size=3
dropout=0.1392291492952808
hidden_continuous_size=13
max_epochs=500
