gradient_clip_val=0.01906064035873758
learning_rate=0.015093426535491217
hidden_size=15
attention_head_size=3
dropout=0.12419156273387795
hidden_continuous_size=11
max_epochs=500
