gradient_clip_val=0.12767378061581666
learning_rate=0.024931038126808566
hidden_size=32
attention_head_size=2
dropout=0.12705195633271518
hidden_continuous_size=10
max_epochs=500
