gradient_clip_val=0.010461965705400953
learning_rate=0.0034100129280213586
hidden_size=117
attention_head_size=4
dropout=0.27304601935413253
hidden_continuous_size=25
max_epochs=500
