gradient_clip_val=0.4147177317011885
learning_rate=0.01042414962572087
hidden_size=96
attention_head_size=4
dropout=0.26915625241428076
hidden_continuous_size=16
max_epochs=500
