gradient_clip_val=0.08756644972282089
learning_rate=0.006637948083018748
hidden_size=25
attention_head_size=3
dropout=0.18297172889078958
hidden_continuous_size=14
max_epochs=500
