gradient_clip_val=0.027429922912504477
learning_rate=0.008214288758220828
hidden_size=24
attention_head_size=1
dropout=0.22113393717483348
hidden_continuous_size=20
max_epochs=500
