gradient_clip_val=0.5258259159153088
learning_rate=0.05790920982114617
hidden_size=71
attention_head_size=2
dropout=0.27592806932056657
hidden_continuous_size=17
max_epochs=500
