gradient_clip_val=0.17932114174034552
learning_rate=0.03261381902713212
hidden_size=37
attention_head_size=3
dropout=0.1104039648255662
hidden_continuous_size=12
max_epochs=500
