gradient_clip_val=0.04352506045532971
learning_rate=0.08622852205929153
hidden_size=50
attention_head_size=3
dropout=0.13566917389167363
hidden_continuous_size=28
max_epochs=500
