gradient_clip_val=0.012868981073445867
learning_rate=0.02373051212834074
hidden_size=13
attention_head_size=1
dropout=0.24714469564071864
hidden_continuous_size=13
max_epochs=500
