gradient_clip_val=0.020443498420072898
learning_rate=0.033464545960345544
hidden_size=118
attention_head_size=4
dropout=0.12103813346404635
hidden_continuous_size=77
max_epochs=500
