gradient_clip_val=0.5232774369137884
learning_rate=0.015744265473653683
hidden_size=42
attention_head_size=3
dropout=0.27394511964682733
hidden_continuous_size=34
max_epochs=500
