gradient_clip_val=0.6155093419538615
learning_rate=0.04062901220444521
hidden_size=9
attention_head_size=3
dropout=0.12482298380002713
hidden_continuous_size=8
max_epochs=500
