gradient_clip_val=0.06685222850711003
learning_rate=0.023388818489969015
hidden_size=10
attention_head_size=1
dropout=0.2780342383362536
hidden_continuous_size=9
max_epochs=500
