gradient_clip_val=0.2713808863009967
learning_rate=0.002796712833757564
hidden_size=90
attention_head_size=4
dropout=0.29668728708700776
hidden_continuous_size=22
max_epochs=500
