gradient_clip_val=0.18068054992497212
learning_rate=0.038542362984957904
hidden_size=29
attention_head_size=1
dropout=0.12679286415260188
hidden_continuous_size=26
max_epochs=500
