gradient_clip_val=0.1637788572938524
learning_rate=0.0031318038717234337
hidden_size=55
attention_head_size=3
dropout=0.1198412876715401
hidden_continuous_size=15
max_epochs=500
