gradient_clip_val=0.9683362664331865
learning_rate=0.0010231582468080325
hidden_size=36
attention_head_size=4
dropout=0.16728766653500607
hidden_continuous_size=11
max_epochs=500
