gradient_clip_val=0.014832769018853954
learning_rate=0.004886213441333655
hidden_size=77
attention_head_size=1
dropout=0.21058136704316543
hidden_continuous_size=46
max_epochs=500
