gradient_clip_val=0.02019853795607821
learning_rate=0.009375338049457466
hidden_size=13
attention_head_size=2
dropout=0.290740447232694
hidden_continuous_size=9
max_epochs=500
