gradient_clip_val=0.17464302879088847
learning_rate=0.034813953159631095
hidden_size=14
attention_head_size=2
dropout=0.23900883376457185
hidden_continuous_size=8
max_epochs=500
