gradient_clip_val=0.3884268395347507
learning_rate=0.004596798279382599
hidden_size=20
attention_head_size=4
dropout=0.22445566741256112
hidden_continuous_size=9
max_epochs=500
