gradient_clip_val=0.20481889384800403
learning_rate=0.012537487271030524
hidden_size=10
attention_head_size=3
dropout=0.19542786105504018
hidden_continuous_size=10
max_epochs=500
