gradient_clip_val=0.31397265339550595
learning_rate=0.04992370465750907
hidden_size=125
attention_head_size=1
dropout=0.23205516728824097
hidden_continuous_size=22
max_epochs=500
