gradient_clip_val=0.10139752303941264
learning_rate=0.0018650268390282953
hidden_size=24
attention_head_size=4
dropout=0.1649958415786149
hidden_continuous_size=11
max_epochs=500
