gradient_clip_val=0.17925296000103175
learning_rate=0.05040147732605651
hidden_size=37
attention_head_size=1
dropout=0.11122158994853122
hidden_continuous_size=10
max_epochs=500
