gradient_clip_val=0.0382184707847068
learning_rate=0.0068718380462088596
hidden_size=92
attention_head_size=4
dropout=0.2902126699852328
hidden_continuous_size=40
max_epochs=500
