gradient_clip_val=0.13062679254041482
learning_rate=0.0024402962070045543
hidden_size=16
attention_head_size=2
dropout=0.28998448099684015
hidden_continuous_size=10
max_epochs=500
