gradient_clip_val=0.010567391204045675
learning_rate=0.08449702733146909
hidden_size=69
attention_head_size=4
dropout=0.2927467022525574
hidden_continuous_size=16
max_epochs=500
