gradient_clip_val=0.013281904318179317
learning_rate=0.0027115741025509083
hidden_size=14
attention_head_size=2
dropout=0.18566074827848816
hidden_continuous_size=10
max_epochs=500
