gradient_clip_val=0.03839439752462432
learning_rate=0.0028577905126661272
hidden_size=11
attention_head_size=3
dropout=0.1311287120609424
hidden_continuous_size=8
max_epochs=500
