gradient_clip_val=0.07188525113298114
learning_rate=0.009276217557023667
hidden_size=123
attention_head_size=1
dropout=0.16153984800945206
hidden_continuous_size=38
max_epochs=500
