gradient_clip_val=0.017035970114571492
learning_rate=0.0010323070544374848
hidden_size=28
attention_head_size=4
dropout=0.23078424253349683
hidden_continuous_size=14
max_epochs=500
