gradient_clip_val=0.012158535993803867
learning_rate=0.00550366444640745
hidden_size=54
attention_head_size=3
dropout=0.22250189571750112
hidden_continuous_size=13
max_epochs=500
