gradient_clip_val=0.16220969217057546
learning_rate=0.0036166079528158097
hidden_size=10
attention_head_size=1
dropout=0.1250693322061915
hidden_continuous_size=8
max_epochs=500
