gradient_clip_val=0.034065872546105914
learning_rate=0.004885099268544754
hidden_size=86
attention_head_size=3
dropout=0.2846025731410731
hidden_continuous_size=23
max_epochs=500
