gradient_clip_val=0.04015071531721064
learning_rate=0.020155425032346904
hidden_size=88
attention_head_size=2
dropout=0.2833058018624385
hidden_continuous_size=21
max_epochs=500
