gradient_clip_val=0.1268986668978756
learning_rate=0.002801145945701368
hidden_size=28
attention_head_size=4
dropout=0.19566560448913536
hidden_continuous_size=18
max_epochs=500
