gradient_clip_val=0.6605418512780139
learning_rate=0.004034413114529688
hidden_size=33
attention_head_size=2
dropout=0.13474395647281603
hidden_continuous_size=30
max_epochs=500
