gradient_clip_val=0.300272336193794
learning_rate=0.025044337778575385
hidden_size=25
attention_head_size=4
dropout=0.17456442340105455
hidden_continuous_size=21
max_epochs=500
