gradient_clip_val=0.9690057880468282
learning_rate=0.0014077760317951604
hidden_size=16
attention_head_size=1
dropout=0.1431861510028513
hidden_continuous_size=10
max_epochs=500
