gradient_clip_val=0.06828046293525455
learning_rate=0.04734490531472934
hidden_size=99
attention_head_size=3
dropout=0.2139638667157437
hidden_continuous_size=17
max_epochs=500
