gradient_clip_val=0.42398120875644896
learning_rate=0.020071382066780906
hidden_size=41
attention_head_size=2
dropout=0.14090336294339217
hidden_continuous_size=15
max_epochs=500
