gradient_clip_val=0.10174472586816302
learning_rate=0.001553274589438284
hidden_size=37
attention_head_size=3
dropout=0.2854022081319707
hidden_continuous_size=17
max_epochs=500
