gradient_clip_val=0.6118307446867286
learning_rate=0.0020217353905379295
hidden_size=13
attention_head_size=4
dropout=0.10235978990441508
hidden_continuous_size=11
max_epochs=500
