gradient_clip_val=0.3770561905428072
learning_rate=0.0019397153804260332
hidden_size=111
attention_head_size=3
dropout=0.1461045376758019
hidden_continuous_size=47
max_epochs=500
