gradient_clip_val=0.18662333786316063
learning_rate=0.019640062699120713
hidden_size=39
attention_head_size=2
dropout=0.24859809910181158
hidden_continuous_size=36
max_epochs=500
