gradient_clip_val=0.39943729586778864
learning_rate=0.0031100849812019282
hidden_size=39
attention_head_size=4
dropout=0.14412121984965523
hidden_continuous_size=23
max_epochs=500
