gradient_clip_val=0.019232324540858135
learning_rate=0.008049345537733652
hidden_size=15
attention_head_size=3
dropout=0.19211473492448267
hidden_continuous_size=8
max_epochs=500
