gradient_clip_val=0.11067794426975526
learning_rate=0.04200201155513278
hidden_size=11
attention_head_size=4
dropout=0.10160870291607503
hidden_continuous_size=11
max_epochs=500
