gradient_clip_val=0.37422533680708964
learning_rate=0.0013640239428809368
hidden_size=62
attention_head_size=1
dropout=0.1935883837936345
hidden_continuous_size=42
max_epochs=500
