gradient_clip_val=0.0810153737194887
learning_rate=0.08007927620094453
hidden_size=14
attention_head_size=3
dropout=0.16050551123680784
hidden_continuous_size=9
max_epochs=500
