gradient_clip_val=0.2806195077874373
learning_rate=0.004454971222183306
hidden_size=27
attention_head_size=2
dropout=0.191876630588867
hidden_continuous_size=16
max_epochs=500
