gradient_clip_val=0.026206033812405653
learning_rate=0.014074022024020734
hidden_size=16
attention_head_size=1
dropout=0.2919441737278387
hidden_continuous_size=14
max_epochs=500
