gradient_clip_val=0.011680906180737733
learning_rate=0.016058112611805328
hidden_size=26
attention_head_size=3
dropout=0.2059430817322066
hidden_continuous_size=13
max_epochs=500
