gradient_clip_val=0.7668508809388875
learning_rate=0.0032236640939575464
hidden_size=10
attention_head_size=1
dropout=0.2939677203883664
hidden_continuous_size=10
max_epochs=500
