gradient_clip_val=0.06398030455403239
learning_rate=0.011414725494269832
hidden_size=16
attention_head_size=3
dropout=0.15412300021625497
hidden_continuous_size=13
max_epochs=500
