gradient_clip_val=0.015219755725237044
learning_rate=0.03954244789100168
hidden_size=60
attention_head_size=4
dropout=0.26517047323218773
hidden_continuous_size=14
max_epochs=500
