gradient_clip_val=0.42218313450115014
learning_rate=0.056956664387715954
hidden_size=72
attention_head_size=3
dropout=0.28825765213112264
hidden_continuous_size=67
max_epochs=500
