gradient_clip_val=0.013159574072343585
learning_rate=0.027591665440286513
hidden_size=128
attention_head_size=2
dropout=0.1612418168020997
hidden_continuous_size=8
max_epochs=500
