gradient_clip_val=0.3885843882504305
learning_rate=0.004494887881390555
hidden_size=24
attention_head_size=3
dropout=0.11281792071685444
hidden_continuous_size=9
max_epochs=500
