gradient_clip_val=0.48648717576663103
learning_rate=0.02654351612361377
hidden_size=21
attention_head_size=3
dropout=0.12886132087812355
hidden_continuous_size=21
max_epochs=500
