gradient_clip_val=0.7800895186960761
learning_rate=0.09401146307988871
hidden_size=13
attention_head_size=3
dropout=0.14863723297788367
hidden_continuous_size=9
max_epochs=500
