gradient_clip_val=0.048047447444710525
learning_rate=0.00837143737156073
hidden_size=16
attention_head_size=4
dropout=0.25895877172663595
hidden_continuous_size=10
max_epochs=500
