gradient_clip_val=0.22726019095466493
learning_rate=0.031779455507586575
hidden_size=15
attention_head_size=4
dropout=0.15244052075970627
hidden_continuous_size=11
max_epochs=500
