gradient_clip_val=0.0449618257995217
learning_rate=0.03868190753377015
hidden_size=116
attention_head_size=4
dropout=0.1963883573043162
hidden_continuous_size=58
max_epochs=500
