gradient_clip_val=0.013208066341222846
learning_rate=0.0010951166511176868
hidden_size=11
attention_head_size=1
dropout=0.22860073513399667
hidden_continuous_size=9
max_epochs=500
