gradient_clip_val=0.2731124514304433
learning_rate=0.004012048537964871
hidden_size=12
attention_head_size=4
dropout=0.2932305556861883
hidden_continuous_size=8
max_epochs=500
