gradient_clip_val=0.17755420349325826
learning_rate=0.009283699972418692
hidden_size=11
attention_head_size=3
dropout=0.279506161896656
hidden_continuous_size=11
max_epochs=500
