gradient_clip_val=0.22418407415035926
learning_rate=0.05232445970706593
hidden_size=41
attention_head_size=1
dropout=0.15884403929675495
hidden_continuous_size=9
max_epochs=500
