gradient_clip_val=0.31940273170047556
learning_rate=0.009561150317168744
hidden_size=11
attention_head_size=4
dropout=0.21531450632803895
hidden_continuous_size=10
max_epochs=500
