gradient_clip_val=0.013004576671293839
learning_rate=0.003602646100790211
hidden_size=10
attention_head_size=1
dropout=0.18726467791964826
hidden_continuous_size=10
max_epochs=500
