gradient_clip_val=0.013067731364467958
learning_rate=0.005091577888515671
hidden_size=20
attention_head_size=2
dropout=0.1691004573389228
hidden_continuous_size=15
max_epochs=500
