gradient_clip_val=0.03214287268609974
learning_rate=0.031843897028634875
hidden_size=13
attention_head_size=4
dropout=0.27069875987285696
hidden_continuous_size=10
max_epochs=500
