gradient_clip_val=0.046704438177069735
learning_rate=0.08431350387367885
hidden_size=107
attention_head_size=1
dropout=0.1658136031244538
hidden_continuous_size=50
max_epochs=500
