gradient_clip_val=0.038741560857363924
learning_rate=0.023848825850759925
hidden_size=22
attention_head_size=1
dropout=0.23872432695593485
hidden_continuous_size=19
max_epochs=500
