gradient_clip_val=0.09641781909717748
learning_rate=0.04493400480065663
hidden_size=16
attention_head_size=3
dropout=0.22300411167246947
hidden_continuous_size=14
max_epochs=500
