gradient_clip_val=0.15487238284933424
learning_rate=0.022711050032272515
hidden_size=29
attention_head_size=2
dropout=0.21280527607081812
hidden_continuous_size=17
max_epochs=500
