gradient_clip_val=0.14255807711783028
learning_rate=0.006612532859761262
hidden_size=11
attention_head_size=2
dropout=0.2088372022681254
hidden_continuous_size=8
max_epochs=500
