gradient_clip_val=0.03759463884820612
learning_rate=0.07671760120254495
hidden_size=123
attention_head_size=2
dropout=0.1148481910671475
hidden_continuous_size=20
max_epochs=500
