gradient_clip_val=0.053323380264559676
learning_rate=0.07934778775728295
hidden_size=31
attention_head_size=4
dropout=0.23543369239562287
hidden_continuous_size=18
max_epochs=500
