gradient_clip_val=0.23892492493287693
learning_rate=0.02363295444321128
hidden_size=73
attention_head_size=1
dropout=0.29989896688624773
hidden_continuous_size=14
max_epochs=500
