gradient_clip_val=0.23190643162311916
learning_rate=0.0050785337773695365
hidden_size=13
attention_head_size=4
dropout=0.27937842172941973
hidden_continuous_size=10
max_epochs=500
