gradient_clip_val=0.16923158287788595
learning_rate=0.008104266005992278
hidden_size=14
attention_head_size=1
dropout=0.26743998730711604
hidden_continuous_size=10
max_epochs=500
